((:name . "Walk") (:length . 0.6666667) (:bones . (("Lokot_P_end" . ((0 (0 138 1 512)))) ("Golova_end" . ((0 (0 138 1 313)))) ("Lokot_L_end" . ((0 (0 138 1 512)))) ("Tors" . ((0 (0 249 72 250)) (0.01666667 (251 252 253 250)) (0.03333334 (254 255 256 250)) (0.05 (257 258 259 250)) (0.06666667 (260 261 262 250)) (0.08333334 (263 264 265 250)) (0.1 (266 267 268 250)) (0.1166667 (269 270 271 250)) (0.1333333 (272 273 274 250)) (0.15 (275 276 277 250)) (0.1666667 (278 279 280 250)) (0.1833333 (275 276 277 250)) (0.2 (272 273 274 250)) (0.2166667 (269 270 271 250)) (0.2333333 (266 267 268 250)) (0.25 (263 264 265 250)) (0.2666667 (260 261 262 250)) (0.2833333 (257 258 259 250)) (0.3 (254 255 256 250)) (0.3166667 (251 252 253 250)) (0.3333333 (0 249 72 250)) (0.35 (281 282 283 250)) (0.3666667 (284 285 286 250)) (0.3833334 (287 288 289 250)) (0.4 (290 291 292 250)) (0.4166667 (293 294 295 250)) (0.4333333 (296 297 298 250)) (0.45 (299 300 301 250)) (0.4666667 (302 303 304 250)) (0.4833333 (305 306 307 250)) (0.5 (308 309 310 250)) (0.5166667 (305 306 307 250)) (0.5333334 (302 303 304 250)) (0.55 (299 300 301 250)) (0.5666667 (296 297 298 250)) (0.5833334 (293 294 295 250)) (0.6 (290 291 292 250)) (0.6166667 (287 288 289 250)) (0.6333333 (284 285 286 250)) (0.65 (281 282 283 250)))) ("Lokot_P" . ((0 (437 438 1 439)) (0.01666667 (510 511 1 439)) (0.03333334 (508 509 1 439)) (0.05 (506 507 1 439)) (0.06666667 (504 505 1 439)) (0.08333334 (502 503 1 439)) (0.1 (500 501 1 439)) (0.1166667 (498 499 1 439)) (0.1333333 (496 497 1 439)) (0.15 (494 495 1 439)) (0.1666667 (138 137 1 439)) (0.1833333 (492 493 1 439)) (0.2 (490 491 1 439)) (0.2166667 (488 489 1 439)) (0.2333333 (486 487 1 439)) (0.25 (484 485 1 439)) (0.2666667 (482 483 1 439)) (0.2833333 (480 481 1 439)) (0.3 (478 479 1 439)) (0.3166667 (476 477 1 439)) (0.3333333 (437 438 1 439)) (0.35 (474 475 1 439)) (0.3666667 (472 473 1 439)) (0.3833334 (470 471 1 439)) (0.4 (468 469 1 439)) (0.4166667 (466 467 1 439)) (0.4333333 (464 465 1 439)) (0.45 (464 465 1 439)) (0.4666667 (462 463 1 439)) (0.4833333 (460 461 1 439)) (0.5 (458 459 1 439)) (0.5166667 (456 457 1 439)) (0.5333334 (454 455 1 439)) (0.55 (452 453 1 439)) (0.5666667 (450 451 1 439)) (0.5833334 (448 449 1 439)) (0.6 (446 447 1 439)) (0.6166667 (444 445 1 439)) (0.6333333 (442 443 1 439)) (0.65 (440 441 1 439)))) ("Lokot_L" . ((0 (437 438 1 439)) (0.01666667 (440 441 1 439)) (0.03333334 (442 443 1 439)) (0.05 (444 445 1 439)) (0.06666667 (446 447 1 439)) (0.08333334 (448 449 1 439)) (0.1 (450 451 1 439)) (0.1166667 (452 453 1 439)) (0.1333333 (454 455 1 439)) (0.15 (456 457 1 439)) (0.1666667 (458 459 1 439)) (0.1833333 (460 461 1 439)) (0.2 (462 463 1 439)) (0.2166667 (464 465 1 439)) (0.2333333 (464 465 1 439)) (0.25 (466 467 1 439)) (0.2666667 (468 469 1 439)) (0.2833333 (470 471 1 439)) (0.3 (472 473 1 439)) (0.3166667 (474 475 1 439)) (0.3333333 (437 438 1 439)) (0.35 (476 477 1 439)) (0.3666667 (478 479 1 439)) (0.3833334 (480 481 1 439)) (0.4 (482 483 1 439)) (0.4166667 (484 485 1 439)) (0.4333333 (486 487 1 439)) (0.45 (488 489 1 439)) (0.4666667 (490 491 1 439)) (0.4833333 (492 493 1 439)) (0.5 (138 137 1 439)) (0.5166667 (494 495 1 439)) (0.5333334 (496 497 1 439)) (0.55 (498 499 1 439)) (0.5666667 (500 501 1 439)) (0.5833334 (502 503 1 439)) (0.6 (504 505 1 439)) (0.6166667 (506 507 1 439)) (0.6333333 (508 509 1 439)) (0.65 (510 511 1 439)))) ("Kluchitsa_P_end" . ((0 (0 138 1 315)))) ("Koleno_P_end" . ((0 (0 138 1 163)))) ("Bedro_L" . ((0 (23 24 0 25)) (0.01666667 (26 27 0 25)) (0.03333334 (28 29 0 25)) (0.05 (30 31 0 25)) (0.06666667 (32 33 0 25)) (0.08333334 (34 35 0 25)) (0.1 (36 37 0 25)) (0.1166667 (38 39 0 25)) (0.1333333 (40 41 0 25)) (0.15 (42 43 0 25)) (0.1666667 (44 45 0 25)) (0.1833333 (46 47 0 25)) (0.2 (48 49 0 25)) (0.2166667 (50 51 0 25)) (0.2333333 (36 37 0 25)) (0.25 (52 53 0 25)) (0.2666667 (54 55 0 25)) (0.2833333 (56 57 0 25)) (0.3 (58 59 0 25)) (0.3166667 (60 61 0 25)) (0.3333333 (62 63 0 25)) (0.35 (64 65 0 25)) (0.3666667 (66 67 0 25)) (0.3833334 (68 69 0 25)) (0.4 (70 71 0 25)) (0.4166667 (72 73 0 25)) (0.4333333 (74 75 0 25)) (0.45 (76 77 0 25)) (0.4666667 (76 77 0 25)) (0.4833333 (74 75 0 25)) (0.5 (72 73 0 25)) (0.5166667 (78 79 0 25)) (0.5333334 (80 81 0 25)) (0.55 (82 83 0 25)) (0.5666667 (84 85 0 25)) (0.5833334 (86 87 0 25)) (0.6 (88 89 0 25)) (0.6166667 (90 91 0 25)) (0.6333333 (92 93 0 25)) (0.65 (94 95 0 25)))) ("Woin" . ((0 (633 634 635 635)))) ("Koleno_L_end" . ((0 (0 138 1 163)))) ("Koleno_P" . ((0 (137 138 98 99)) (0.01666667 (227 228 98 99)) (0.03333334 (229 230 98 99)) (0.05 (231 232 98 99)) (0.06666667 (233 157 98 99)) (0.08333334 (128 96 98 99)) (0.1 (139 140 98 99)) (0.1166667 (141 142 98 99)) (0.1333333 (143 144 98 99)) (0.15 (145 146 98 99)) (0.1666667 (118 119 98 99)) (0.1833333 (147 148 98 99)) (0.2 (149 150 98 99)) (0.2166667 (151 152 98 99)) (0.2333333 (153 154 98 99)) (0.25 (138 0 98 99)) (0.2666667 (232 234 98 99)) (0.2833333 (235 236 98 99)) (0.3 (237 238 98 99)) (0.3166667 (239 240 98 99)) (0.3333333 (96 97 98 99)) (0.35 (241 242 98 99)) (0.3666667 (243 244 98 99)) (0.3833334 (245 246 98 99)) (0.4 (247 248 98 99)) (0.4166667 (108 109 98 99)) (0.4333333 (110 111 98 99)) (0.45 (112 113 98 99)) (0.4666667 (114 115 98 99)) (0.4833333 (116 117 98 99)) (0.5 (118 119 98 99)) (0.5166667 (120 121 98 99)) (0.5333334 (122 123 98 99)) (0.55 (124 125 98 99)) (0.5666667 (126 127 98 99)) (0.5833334 (128 96 98 99)) (0.6 (233 157 98 99)) (0.6166667 (231 232 98 99)) (0.6333333 (229 230 98 99)) (0.65 (227 228 98 99)))) ("Cube" . ((0 (636 637 638 639)) (0.01666667 (640 641 642 643)) (0.03333334 (644 645 646 647)) (0.05 (648 649 650 651)) (0.06666667 (652 653 654 655)) (0.08333334 (656 657 658 659)) (0.1 (660 661 662 663)) (0.1166667 (664 665 666 667)) (0.1333333 (668 669 670 671)) (0.15 (672 673 674 675)) (0.1666667 (676 677 678 679)) (0.1833333 (680 681 682 683)) (0.2 (684 685 686 687)) (0.2166667 (688 689 690 691)) (0.2333333 (692 693 694 695)) (0.25 (696 697 698 699)) (0.2666667 (700 701 702 703)) (0.2833333 (704 705 706 707)) (0.3 (708 709 710 711)) (0.3166667 (712 713 714 715)) (0.3333333 (716 717 718 719)) (0.35 (720 721 722 723)) (0.3666667 (724 725 726 727)) (0.3833334 (728 729 730 731)) (0.4 (732 733 734 735)) (0.4166667 (736 737 738 739)) (0.4333333 (740 741 742 743)) (0.45 (744 745 746 747)) (0.4666667 (748 749 750 751)) (0.4833333 (752 753 754 755)) (0.5 (756 757 758 759)) (0.5166667 (760 761 762 763)) (0.5333334 (764 765 766 767)) (0.55 (768 769 770 771)) (0.5666667 (772 773 774 775)) (0.5833334 (776 777 778 779)) (0.6 (780 781 782 783)) (0.6166667 (784 785 786 787)) (0.6333333 (788 789 790 791)) (0.65 (792 793 794 795)))) ("Bedro_P" . ((0 (62 63 0 164)) (0.01666667 (165 166 0 164)) (0.03333334 (167 168 0 164)) (0.05 (169 170 0 164)) (0.06666667 (171 172 0 164)) (0.08333334 (173 174 0 164)) (0.1 (175 176 0 164)) (0.1166667 (177 178 0 164)) (0.1333333 (179 180 0 164)) (0.15 (181 182 0 164)) (0.1666667 (72 73 0 164)) (0.1833333 (183 184 0 164)) (0.2 (185 186 0 164)) (0.2166667 (187 188 0 164)) (0.2333333 (189 190 0 164)) (0.25 (191 192 0 164)) (0.2666667 (193 194 0 164)) (0.2833333 (195 196 0 164)) (0.3 (197 198 0 164)) (0.3166667 (199 200 0 164)) (0.3333333 (23 24 0 164)) (0.35 (201 202 0 164)) (0.3666667 (203 204 0 164)) (0.3833334 (205 206 0 164)) (0.4 (207 208 0 164)) (0.4166667 (209 210 0 164)) (0.4333333 (211 212 0 164)) (0.45 (213 214 0 164)) (0.4666667 (215 216 0 164)) (0.4833333 (217 218 0 164)) (0.5 (44 45 0 164)) (0.5166667 (46 47 0 164)) (0.5333334 (48 49 0 164)) (0.55 (50 51 0 164)) (0.5666667 (36 37 0 164)) (0.5833334 (52 53 0 164)) (0.6 (219 220 0 164)) (0.6166667 (221 222 0 164)) (0.6333333 (223 224 0 164)) (0.65 (225 226 0 164)))) ("Golova" . ((0 (0 311 23 312)))) ("Kluchitsa_L_end" . ((0 (0 138 1 315)))) ("Ruka_P" . ((0 (513 514 515 516)) (0.01666667 (517 518 519 516)) (0.03333334 (520 521 522 516)) (0.05 (523 524 525 516)) (0.06666667 (526 527 528 516)) (0.08333334 (529 530 531 516)) (0.1 (532 533 534 516)) (0.1166667 (535 536 537 516)) (0.1333333 (538 539 540 516)) (0.15 (541 542 543 516)) (0.1666667 (544 545 546 516)) (0.1833333 (547 548 549 516)) (0.2 (550 551 552 516)) (0.2166667 (553 554 555 516)) (0.2333333 (371 556 557 516)) (0.25 (558 559 560 516)) (0.2666667 (561 562 563 516)) (0.2833333 (564 565 566 516)) (0.3 (567 568 569 516)) (0.3166667 (570 571 572 516)) (0.3333333 (573 574 575 516)) (0.35 (576 577 578 516)) (0.3666667 (579 580 581 516)) (0.3833334 (582 583 584 516)) (0.4 (585 586 587 516)) (0.4166667 (588 589 590 516)) (0.4333333 (591 592 593 516)) (0.45 (594 595 596 516)) (0.4666667 (597 598 599 516)) (0.4833333 (600 601 602 516)) (0.5 (603 604 605 516)) (0.5166667 (606 607 608 516)) (0.5333334 (609 610 611 516)) (0.55 (612 613 614 516)) (0.5666667 (615 616 617 516)) (0.5833334 (618 619 620 516)) (0.6 (621 622 623 516)) (0.6166667 (624 625 626 516)) (0.6333333 (627 628 629 516)) (0.65 (630 631 632 516)))) ("Skelet" . ((0 (0 1 2 3)) (0.01666667 (0 1 2 4)) (0.03333334 (0 1 2 5)) (0.05 (0 1 2 6)) (0.06666667 (0 1 2 7)) (0.08333334 (0 1 2 8)) (0.1 (0 1 2 9)) (0.1166667 (0 1 2 10)) (0.1333333 (0 1 2 11)) (0.15 (0 1 2 12)) (0.1666667 (0 1 2 13)) (0.1833333 (0 1 2 14)) (0.2 (0 1 2 15)) (0.2166667 (0 1 2 16)) (0.2333333 (0 1 2 17)) (0.25 (0 1 2 7)) (0.2666667 (0 1 2 18)) (0.2833333 (0 1 2 19)) (0.3 (0 1 2 20)) (0.3166667 (0 1 2 21)) (0.3333333 (0 1 2 3)) (0.35 (0 1 2 21)) (0.3666667 (0 1 2 20)) (0.3833334 (0 1 2 19)) (0.4 (0 1 2 18)) (0.4166667 (0 1 2 7)) (0.4333333 (0 1 2 17)) (0.45 (0 1 2 16)) (0.4666667 (0 1 2 15)) (0.4833333 (0 1 2 14)) (0.5 (0 1 2 13)) (0.5166667 (0 1 2 12)) (0.5333334 (0 1 2 11)) (0.55 (0 1 2 10)) (0.5666667 (0 1 2 9)) (0.5833334 (0 1 2 22)) (0.6 (0 1 2 7)) (0.6166667 (0 1 2 6)) (0.6333333 (0 1 2 5)) (0.65 (0 1 2 4)))) ("Cube.001" . ((0 (796 797 798 799)) (0.01666667 (800 801 802 803)) (0.03333334 (804 805 806 807)) (0.05 (808 809 810 811)) (0.06666667 (812 813 814 815)) (0.08333334 (816 817 818 819)) (0.1 (820 821 822 823)) (0.1166667 (824 825 826 827)) (0.1333333 (828 829 830 831)) (0.15 (832 833 834 835)) (0.1666667 (836 837 838 839)) (0.1833333 (840 841 842 843)) (0.2 (844 845 846 847)) (0.2166667 (848 849 850 851)) (0.2333333 (852 853 854 855)) (0.25 (856 857 858 859)) (0.2666667 (860 861 862 863)) (0.2833333 (864 865 866 867)) (0.3 (868 869 870 871)) (0.3166667 (872 873 874 875)) (0.3333333 (876 877 878 879)) (0.35 (880 881 882 883)) (0.3666667 (884 885 886 887)) (0.3833334 (888 889 890 891)) (0.4 (892 893 894 895)) (0.4166667 (896 897 898 899)) (0.4333333 (900 901 902 903)) (0.45 (904 905 906 907)) (0.4666667 (908 909 910 911)) (0.4833333 (912 913 914 915)) (0.5 (916 917 918 919)) (0.5166667 (920 921 922 923)) (0.5333334 (924 925 926 927)) (0.55 (928 929 930 931)) (0.5666667 (932 933 934 935)) (0.5833334 (936 937 938 939)) (0.6 (940 941 942 943)) (0.6166667 (944 945 946 947)) (0.6333333 (948 949 950 951)) (0.65 (952 953 954 955)))) ("Kluchitsa_L" . ((0 (1 0 138 314)))) ("Ruka_L" . ((0 (316 317 318 319)) (0.01666667 (320 321 322 319)) (0.03333334 (323 324 325 319)) (0.05 (326 327 328 319)) (0.06666667 (329 330 331 319)) (0.08333334 (332 333 334 319)) (0.1 (335 336 337 319)) (0.1166667 (338 339 340 319)) (0.1333333 (341 342 343 319)) (0.15 (344 345 346 319)) (0.1666667 (347 348 349 319)) (0.1833333 (350 351 352 319)) (0.2 (353 354 355 319)) (0.2166667 (356 357 358 319)) (0.2333333 (359 360 361 319)) (0.25 (362 363 364 319)) (0.2666667 (365 366 367 319)) (0.2833333 (368 369 370 319)) (0.3 (371 372 373 319)) (0.3166667 (374 375 376 319)) (0.3333333 (377 378 379 319)) (0.35 (380 381 382 319)) (0.3666667 (383 384 385 319)) (0.3833334 (386 387 388 319)) (0.4 (389 390 391 319)) (0.4166667 (392 393 394 319)) (0.4333333 (395 396 397 319)) (0.45 (398 399 400 319)) (0.4666667 (401 402 403 319)) (0.4833333 (404 405 406 319)) (0.5 (407 408 409 319)) (0.5166667 (410 411 412 319)) (0.5333334 (413 414 415 319)) (0.55 (416 417 418 319)) (0.5666667 (419 420 421 319)) (0.5833334 (422 423 424 319)) (0.6 (425 426 427 319)) (0.6166667 (428 429 430 319)) (0.6333333 (431 432 433 319)) (0.65 (434 435 436 319)))) ("Koleno_L" . ((0 (96 97 98 99)) (0.01666667 (100 101 98 99)) (0.03333334 (102 103 98 99)) (0.05 (104 105 98 99)) (0.06666667 (106 107 98 99)) (0.08333334 (108 109 98 99)) (0.1 (110 111 98 99)) (0.1166667 (112 113 98 99)) (0.1333333 (114 115 98 99)) (0.15 (116 117 98 99)) (0.1666667 (118 119 98 99)) (0.1833333 (120 121 98 99)) (0.2 (122 123 98 99)) (0.2166667 (124 125 98 99)) (0.2333333 (126 127 98 99)) (0.25 (128 96 98 99)) (0.2666667 (129 130 98 99)) (0.2833333 (131 132 98 99)) (0.3 (133 134 98 99)) (0.3166667 (135 136 98 99)) (0.3333333 (137 138 98 99)) (0.35 (135 136 98 99)) (0.3666667 (133 134 98 99)) (0.3833334 (131 132 98 99)) (0.4 (129 130 98 99)) (0.4166667 (128 96 98 99)) (0.4333333 (139 140 98 99)) (0.45 (141 142 98 99)) (0.4666667 (143 144 98 99)) (0.4833333 (145 146 98 99)) (0.5 (118 119 98 99)) (0.5166667 (147 148 98 99)) (0.5333334 (149 150 98 99)) (0.55 (151 152 98 99)) (0.5666667 (153 154 98 99)) (0.5833334 (138 0 98 99)) (0.6 (155 156 98 99)) (0.6166667 (157 158 98 99)) (0.6333333 (159 160 98 99)) (0.65 (161 162 98 99)))) ("Kluchitsa_P" . ((0 (98 137 138 314)))))) (:resources . ((1.0 0.0 0.0) (0.0 0.0 1.0) (0.0 -1.0 0.0) (0.0 0.0 0.0) (0.0 0.0 0.011) (0.0 0.0 0.023) (0.0 0.0 0.036) (0.0 0.0 0.05) (0.0 0.0 0.063) (0.0 0.0 0.074) (0.0 0.0 0.085) (0.0 0.0 0.093) (0.0 0.0 0.098) (0.0 0.0 0.1) (0.0 0.0 0.097) (0.0 0.0 0.09) (0.0 0.0 0.078) (0.0 0.0 0.065) (0.0 0.0 0.035) (0.0 0.0 0.022) (0.0 0.0 0.01) (0.0 0.0 0.003) (0.0 0.0 0.062) (0.0 -0.342 0.94) (0.0 -0.94 -0.342) (0.123 -0.038 0.0) (0.0 -0.378 0.926) (0.0 -0.926 -0.378) (0.0 -0.417 0.909) (0.0 -0.909 -0.417) (0.0 -0.458 0.889) (0.0 -0.889 -0.458) (0.0 -0.499 0.867) (0.0 -0.867 -0.499) (0.0 -0.537 0.843) (0.0 -0.843 -0.537) (0.0 -0.572 0.82) (0.0 -0.82 -0.572) (0.0 -0.601 0.799) (0.0 -0.799 -0.601) (0.0 -0.623 0.782) (0.0 -0.782 -0.623) (0.0 -0.638 0.77) (0.0 -0.77 -0.638) (0.0 -0.643 0.766) (0.0 -0.766 -0.643) (0.0 -0.642 0.767) (0.0 -0.767 -0.642) (0.0 -0.634 0.773) (0.0 -0.773 -0.634) (0.0 -0.613 0.79) (0.0 -0.79 -0.613) (0.0 -0.5 0.866) (0.0 -0.866 -0.5) (0.0 -0.373 0.928) (0.0 -0.928 -0.373) (0.0 -0.19 0.982) (0.0 -0.982 -0.19) (0.0 0.017 1.0) (0.0 -1.0 0.017) (0.0 0.207 0.978) (0.0 -0.978 0.207) (0.0 0.342 0.94) (0.0 -0.94 0.342) (0.0 0.432 0.902) (0.0 -0.902 0.432) (0.0 0.506 0.863) (0.0 -0.863 0.506) (0.0 0.565 0.825) (0.0 -0.825 0.565) (0.0 0.61 0.792) (0.0 -0.792 0.61) (0.0 0.643 0.766) (0.0 -0.766 0.643) (0.0 0.664 0.748) (0.0 -0.748 0.664) (0.0 0.674 0.738) (0.0 -0.738 0.674) (0.0 0.605 0.796) (0.0 -0.796 0.605) (0.0 0.546 0.838) (0.0 -0.838 0.546) (0.0 0.468 0.884) (0.0 -0.884 0.468) (0.0 0.371 0.929) (0.0 -0.929 0.371) (0.0 0.259 0.966) (0.0 -0.966 0.259) (0.0 0.136 0.991) (0.0 -0.991 0.136) (0.0 0.009 1.0) (0.0 -1.0 0.009) (0.0 -0.117 0.993) (0.0 -0.993 -0.117) (0.0 -0.236 0.972) (0.0 -0.972 -0.236) (0.174 0.985 0.0) (0.985 -0.174 0.0) (0.0 0.0 -1.0) (0.0 0.532 0.0) (0.264 0.965 0.0) (0.965 -0.264 0.0) (0.372 0.928 0.0) (0.928 -0.372 0.0) (0.466 0.885 0.0) (0.885 -0.466 0.0) (0.517 0.856 0.0) (0.856 -0.517 0.0) (0.5 0.866 0.0) (0.866 -0.5 0.0) (0.39 0.921 0.0) (0.921 -0.39 0.0) (0.196 0.981 0.0) (0.981 -0.196 0.0) (-0.05 0.999 0.0) (0.999 0.05 0.0) (-0.298 0.954 0.0) (0.954 0.298 0.0) (-0.5 0.866 0.0) (0.866 0.5 0.0) (-0.66 0.751 0.0) (0.751 0.66 0.0) (-0.795 0.607 0.0) (0.607 0.795 0.0) (-0.894 0.448 0.0) (0.448 0.894 0.0) (-0.955 0.297 0.0) (0.297 0.955 0.0) (-0.985 0.174 0.0) (-0.996 0.089 0.0) (0.089 0.996 0.0) (-0.999 0.038 0.0) (0.038 0.999 0.0) (-1.0 0.011 0.0) (0.011 1.0 0.0) (-1.0 0.001 0.0) (0.001 1.0 0.0) (-1.0 0.0 0.0) (0.0 1.0 0.0) (-0.952 0.305 0.0) (0.305 0.952 0.0) (-0.882 0.471 0.0) (0.471 0.882 0.0) (-0.771 0.636 0.0) (0.636 0.771 0.0) (-0.634 0.773 0.0) (0.773 0.634 0.0) (-0.381 0.925 0.0) (0.925 0.381 0.0) (-0.269 0.963 0.0) (0.963 0.269 0.0) (-0.167 0.986 0.0) (0.986 0.167 0.0) (-0.077 0.997 0.0) (0.997 0.077 0.0) (0.057 0.998 0.0) (0.998 -0.057 0.0) (0.095 0.995 0.0) (0.995 -0.095 0.0) (0.121 0.993 0.0) (0.993 -0.121 0.0) (0.145 0.989 0.0) (0.989 -0.145 0.0) (0.0 0.578 0.0) (-0.123 -0.038 0.0) (0.0 0.38 0.925) (0.0 -0.925 0.38) (0.0 0.427 0.904) (0.0 -0.904 0.427) (0.0 0.477 0.879) (0.0 -0.879 0.477) (0.0 0.528 0.85) (0.0 -0.85 0.528) (0.0 0.574 0.819) (0.0 -0.819 0.574) (0.0 0.612 0.791) (0.0 -0.791 0.612) (0.0 0.641 0.767) (0.0 -0.767 0.641) (0.0 0.658 0.753) (0.0 -0.753 0.658) (0.0 0.659 0.752) (0.0 -0.752 0.659) (0.0 0.603 0.798) (0.0 -0.798 0.603) (0.0 0.537 0.844) (0.0 -0.844 0.537) (0.0 0.448 0.894) (0.0 -0.894 0.448) (0.0 0.339 0.941) (0.0 -0.941 0.339) (0.0 0.216 0.976) (0.0 -0.976 0.216) (0.0 0.086 0.996) (0.0 -0.996 0.086) (0.0 -0.042 0.999) (0.0 -0.999 -0.042) (0.0 -0.161 0.987) (0.0 -0.987 -0.161) (0.0 -0.263 0.965) (0.0 -0.965 -0.263) (0.0 -0.404 0.915) (0.0 -0.915 -0.404) (0.0 -0.457 0.889) (0.0 -0.889 -0.457) (0.0 -0.503 0.864) (0.0 -0.864 -0.503) (0.0 -0.542 0.841) (0.0 -0.841 -0.542) (0.0 -0.574 0.819) (0.0 -0.819 -0.574) (0.0 -0.599 0.801) (0.0 -0.801 -0.599) (0.0 -0.618 0.786) (0.0 -0.786 -0.618) (0.0 -0.632 0.775) (0.0 -0.775 -0.632) (0.0 -0.64 0.768) (0.0 -0.768 -0.64) (0.0 -0.384 0.923) (0.0 -0.923 -0.384) (0.0 -0.223 0.975) (0.0 -0.975 -0.223) (0.0 -0.034 0.999) (0.0 -0.999 -0.034) (0.0 0.163 0.987) (0.0 -0.987 0.163) (-1.0 0.024 0.0) (0.024 1.0 0.0) (-0.999 0.036 0.0) (0.036 0.999 0.0) (-0.999 0.054 0.0) (0.054 0.999 0.0) (-0.995 0.095 0.0) (0.999 -0.054 0.0) (0.086 0.996 0.0) (0.996 -0.086 0.0) (0.109 0.994 0.0) (0.994 -0.109 0.0) (0.134 0.991 0.0) (0.991 -0.134 0.0) (0.253 0.968 0.0) (0.968 -0.253 0.0) (0.36 0.933 0.0) (0.933 -0.36 0.0) (0.458 0.889 0.0) (0.889 -0.458 0.0) (0.514 0.858 0.0) (0.858 -0.514 0.0) (0.0 0.766 -0.643) (0.0 0.13 0.0) (0.999 0.007 0.032) (0.015 0.766 -0.643) (-0.029 0.643 0.765) (0.998 0.016 0.068) (0.032 0.766 -0.642) (-0.062 0.643 0.764) (0.994 0.024 0.106) (0.05 0.766 -0.641) (-0.097 0.643 0.76) (0.989 0.033 0.145) (0.068 0.765 -0.64) (-0.132 0.643 0.755) (0.982 0.042 0.182) (0.086 0.765 -0.638) (-0.166 0.643 0.748) (0.975 0.05 0.216) (0.102 0.764 -0.637) (-0.197 0.643 0.74) (0.968 0.057 0.245) (0.116 0.764 -0.635) (-0.223 0.643 0.733) (0.961 0.062 0.268) (0.127 0.764 -0.633) (-0.244 0.643 0.726) (0.957 0.065 0.283) (0.135 0.763 -0.632) (-0.257 0.643 0.722) (0.955 0.067 0.288) (0.137 0.763 -0.632) (-0.262 0.643 0.72) (0.999 -0.007 -0.032) (-0.015 0.766 -0.643) (0.029 0.643 0.765) (0.998 -0.016 -0.068) (-0.032 0.766 -0.642) (0.062 0.643 0.764) (0.994 -0.024 -0.106) (-0.05 0.766 -0.641) (0.097 0.643 0.76) (0.989 -0.033 -0.145) (-0.068 0.765 -0.64) (0.132 0.643 0.755) (0.982 -0.042 -0.182) (-0.086 0.765 -0.638) (0.166 0.643 0.748) (0.975 -0.05 -0.216) (-0.102 0.764 -0.637) (0.197 0.643 0.74) (0.968 -0.057 -0.245) (-0.116 0.764 -0.635) (0.223 0.643 0.733) (0.961 -0.062 -0.268) (-0.127 0.764 -0.633) (0.244 0.643 0.726) (0.957 -0.065 -0.283) (-0.135 0.763 -0.632) (0.257 0.643 0.722) (0.955 -0.067 -0.288) (-0.137 0.763 -0.632) (0.262 0.643 0.72) (0.0 0.94 0.342) (0.0 0.596 0.0) (0.0 0.315 0.0) (0.0 0.47 0.0) (0.0 0.3 0.0) (-0.45 0.557 0.699) (0.266 -0.663 0.7) (0.853 0.5 0.15) (0.279 0.394 -0.035) (-0.424 0.557 0.714) (0.29 -0.663 0.69) (0.858 0.5 0.12) (-0.398 0.557 0.729) (0.316 -0.663 0.678) (0.862 0.5 0.088) (-0.37 0.557 0.744) (0.341 -0.663 0.666) (0.864 0.5 0.056) (-0.342 0.557 0.757) (0.366 -0.663 0.653) (0.866 0.5 0.023) (-0.313 0.557 0.77) (0.39 -0.663 0.639) (0.866 0.5 -0.009) (-0.285 0.557 0.78) (0.413 -0.663 0.624) (0.865 0.5 -0.041) (-0.257 0.557 0.79) (0.435 -0.663 0.609) (0.863 0.5 -0.071) (-0.231 0.557 0.798) (0.455 -0.663 0.594) (0.86 0.5 -0.1) (-0.206 0.557 0.805) (0.473 -0.663 0.58) (0.857 0.5 -0.127) (-0.183 0.557 0.81) (0.489 -0.663 0.567) (0.853 0.5 -0.15) (-0.165 0.557 0.814) (0.502 -0.663 0.555) (0.849 0.5 -0.17) (-0.151 0.557 0.817) (0.511 -0.663 0.546) (0.846 0.5 -0.185) (-0.139 0.557 0.819) (0.519 -0.663 0.539) (0.843 0.5 -0.196) (-0.13 0.557 0.821) (0.525 -0.663 0.533) (0.841 0.5 -0.206) (-0.121 0.557 0.822) (0.531 -0.663 0.528) (0.839 0.5 -0.215) (-0.112 0.557 0.823) (0.537 -0.663 0.521) (0.836 0.5 -0.225) (-0.1 0.557 0.825) (0.544 -0.663 0.514) (0.833 0.5 -0.236) (-0.085 0.557 0.826) (0.553 -0.663 0.504) (0.829 0.5 -0.251) (-0.066 0.557 0.828) (0.565 -0.663 0.491) (0.823 0.5 -0.271) (-0.04 0.557 0.83) (0.58 -0.663 0.473) (0.814 0.5 -0.296) (-0.002 0.557 0.831) (0.601 -0.663 0.446) (0.8 0.5 -0.333) (0.049 0.557 0.829) (0.627 -0.663 0.408) (0.777 0.5 -0.382) (0.11 0.557 0.823) (0.655 -0.663 0.361) (0.747 0.5 -0.438) (0.174 0.557 0.812) (0.682 -0.663 0.308) (0.71 0.5 -0.495) (0.238 0.557 0.796) (0.704 -0.663 0.254) (0.669 0.5 -0.549) (0.294 0.557 0.777) (0.72 -0.663 0.202) (0.628 0.5 -0.596) (0.341 0.557 0.758) (0.731 -0.663 0.158) (0.591 0.5 -0.633) (0.373 0.557 0.742) (0.737 -0.663 0.127) (0.563 0.5 -0.658) (0.387 0.557 0.735) (0.74 -0.663 0.113) (0.55 0.5 -0.669) (0.38 0.557 0.739) (0.739 -0.663 0.12) (0.557 0.5 -0.663) (0.35 0.557 0.754) (0.733 -0.663 0.15) (0.583 0.5 -0.64) (0.298 0.557 0.776) (0.721 -0.663 0.199) (0.625 0.5 -0.599) (0.227 0.557 0.799) (0.7 -0.663 0.263) (0.677 0.5 -0.54) (0.14 0.557 0.819) (0.668 -0.663 0.337) (0.731 0.5 -0.465) (0.042 0.557 0.83) (0.623 -0.663 0.414) (0.781 0.5 -0.375) (-0.064 0.557 0.828) (0.566 -0.663 0.49) (0.822 0.5 -0.272) (-0.172 0.557 0.813) (0.497 -0.663 0.559) (0.851 0.5 -0.163) (-0.275 0.557 0.784) (0.421 -0.663 0.619) (0.864 0.5 -0.052) (-0.369 0.557 0.744) (0.342 -0.663 0.666) (0.864 0.5 0.054) (0.643 0.766 0.0) (-0.766 0.643 0.0) (0.0 0.316 0.0) (0.644 0.765 0.0) (-0.765 0.644 0.0) (0.648 0.762 0.0) (-0.762 0.648 0.0) (0.653 0.757 0.0) (-0.757 0.653 0.0) (0.66 0.751 0.0) (-0.751 0.66 0.0) (0.668 0.745 0.0) (-0.745 0.668 0.0) (0.676 0.737 0.0) (-0.737 0.676 0.0) (0.684 0.729 0.0) (-0.729 0.684 0.0) (0.693 0.721 0.0) (-0.721 0.693 0.0) (0.7 0.714 0.0) (-0.714 0.7 0.0) (0.707 0.707 0.0) (-0.707 0.707 0.0) (0.713 0.702 0.0) (-0.702 0.713 0.0) (0.716 0.698 0.0) (-0.698 0.716 0.0) (0.718 0.696 0.0) (-0.696 0.718 0.0) (0.715 0.699 0.0) (-0.699 0.715 0.0) (0.709 0.706 0.0) (-0.706 0.709 0.0) (0.699 0.715 0.0) (-0.715 0.699 0.0) (0.685 0.728 0.0) (-0.728 0.685 0.0) (0.667 0.745 0.0) (-0.745 0.667 0.0) (0.605 0.796 0.0) (-0.796 0.605 0.0) (0.549 0.836 0.0) (-0.836 0.549 0.0) (0.476 0.879 0.0) (-0.879 0.476 0.0) (0.391 0.92 0.0) (-0.92 0.391 0.0) (0.301 0.954 0.0) (-0.954 0.301 0.0) (0.211 0.978 0.0) (-0.978 0.211 0.0) (0.128 0.992 0.0) (-0.992 0.128 0.0) (0.061 0.998 0.0) (-0.998 0.061 0.0) (0.016 1.0 0.0) (-1.0 0.016 0.0) (0.013 1.0 0.0) (-1.0 0.013 0.0) (0.05 0.999 0.0) (-0.999 0.05 0.0) (0.107 0.994 0.0) (-0.994 0.107 0.0) (0.178 0.984 0.0) (-0.984 0.178 0.0) (0.259 0.966 0.0) (-0.966 0.259 0.0) (0.345 0.939 0.0) (-0.939 0.345 0.0) (0.43 0.903 0.0) (-0.903 0.43 0.0) (0.511 0.86 0.0) (-0.86 0.511 0.0) (0.583 0.813 0.0) (-0.813 0.583 0.0) (0.0 0.469 0.0) (0.04 0.557 0.83) (-0.58 -0.663 0.473) (0.814 -0.5 0.296) (-0.279 0.394 -0.035) (-0.009 0.557 0.831) (-0.607 -0.663 0.438) (0.795 -0.5 0.344) (-0.068 0.557 0.828) (-0.636 -0.663 0.394) (0.769 -0.5 0.399) (-0.131 0.557 0.82) (-0.664 -0.663 0.344) (0.736 -0.5 0.457) (-0.195 0.557 0.808) (-0.689 -0.663 0.291) (0.698 -0.5 0.513) (-0.255 0.557 0.791) (-0.709 -0.663 0.238) (0.657 -0.5 0.564) (-0.307 0.557 0.772) (-0.724 -0.663 0.19) (0.618 -0.5 0.607) (-0.349 0.557 0.754) (-0.733 -0.663 0.15) (0.584 -0.5 0.64) (-0.377 0.557 0.74) (-0.738 -0.663 0.123) (0.559 -0.5 0.661) (-0.389 0.557 0.734) (-0.74 -0.663 0.111) (0.549 -0.5 0.67) (-0.38 0.557 0.739) (-0.739 -0.663 0.12) (0.557 -0.5 0.663) (-0.345 0.557 0.756) (-0.732 -0.663 0.155) (0.587 -0.5 0.636) (-0.28 0.557 0.782) (-0.717 -0.663 0.215) (0.639 -0.5 0.585) (-0.192 0.557 0.808) (-0.688 -0.663 0.294) (0.7 -0.5 0.51) (-0.644 -0.663 0.381) (0.76 -0.5 0.415) (0.031 0.557 0.83) (-0.585 -0.663 0.467) (0.811 -0.5 0.305) (0.147 0.557 0.818) (-0.514 -0.663 0.544) (0.845 -0.5 0.188) (0.254 0.557 0.791) (-0.437 -0.663 0.607) (0.863 -0.5 0.075) (0.344 0.557 0.756) (-0.364 -0.663 0.654) (0.866 -0.5 -0.025) (0.41 0.557 0.722) (-0.304 -0.663 0.684) (0.86 -0.5 -0.103) (0.45 0.557 0.699) (-0.266 -0.663 0.7) (0.853 -0.5 -0.15) (0.464 0.557 0.689) (-0.251 -0.663 0.705) (0.85 -0.5 -0.168) (0.461 0.557 0.691) (-0.254 -0.663 0.704) (0.85 -0.5 -0.165) (0.444 0.557 0.702) (-0.271 -0.663 0.697) (0.854 -0.5 -0.144) (0.416 0.557 0.719) (-0.298 -0.663 0.686) (0.859 -0.5 -0.11) (0.379 0.557 0.739) (-0.333 -0.663 0.67) (0.864 -0.5 -0.066) (0.336 0.557 0.76) (-0.37 -0.663 0.65) (0.866 -0.5 -0.017) (0.292 0.557 0.778) (-0.408 -0.663 0.628) (0.865 -0.5 0.033) (0.248 0.557 0.793) (-0.441 -0.663 0.604) (0.862 -0.5 0.081) (0.211 0.557 0.803) (-0.469 -0.663 0.583) (0.858 -0.5 0.121) (0.183 0.557 0.81) (-0.489 -0.663 0.567) (0.853 -0.5 0.15) (0.164 0.557 0.814) (-0.503 -0.663 0.554) (0.849 -0.5 0.171) (0.146 0.557 0.818) (-0.514 -0.663 0.543) (0.845 -0.5 0.19) (0.13 0.557 0.82) (-0.525 -0.663 0.533) (0.841 -0.5 0.206) (0.116 0.557 0.823) (-0.534 -0.663 0.524) (0.838 -0.5 0.22) (0.103 0.557 0.824) (-0.542 -0.663 0.516) (0.834 -0.5 0.233) (0.091 0.557 0.826) (-0.55 -0.663 0.508) (0.83 -0.5 0.246) (0.079 0.557 0.827) (-0.557 -0.663 0.5) (0.827 -0.5 0.258) (0.067 0.557 0.828) (-0.564 -0.663 0.491) (0.823 -0.5 0.27) (0.054 0.557 0.829) (-0.572 -0.663 0.483) (0.819 -0.5 0.283) (100.0 0.0 0.0) (0.0 0.0 -100.0) (0.0 100.0 0.0) (0.163 -0.11 -0.039) (0.084 0.157 -0.092) (0.081 0.059 0.173) (-0.642 -0.1 1.159) (0.155 -0.122 -0.031) (0.105 0.153 -0.074) (0.069 0.041 0.183) (-0.625 -0.037 1.138) (0.145 -0.136 -0.023) (0.127 0.145 -0.052) (0.052 0.023 0.192) (-0.594 0.031 1.118) (0.132 -0.149 -0.014) (0.147 0.133 -0.027) (0.03 0.007 0.198) (-0.55 0.098 1.103) (0.118 -0.162 -0.006) (0.162 0.118 0.0) (0.004 -0.005 0.2) (-0.494 0.158 1.096) (0.102 -0.172 0.001) (0.171 0.101 0.026) (-0.023 -0.012 0.198) (-0.433 0.206 1.097) (0.086 -0.18 0.008) (0.174 0.085 0.051) (-0.049 -0.015 0.193) (-0.372 0.242 1.106) (0.073 -0.186 0.012) (0.172 0.072 0.071) (-0.07 -0.015 0.187) (-0.319 0.267 1.119) (0.063 -0.189 0.016) (0.169 0.063 0.086) (-0.086 -0.014 0.18) (-0.278 0.282 1.134) (0.057 -0.191 0.017) (0.166 0.058 0.094) (-0.095 -0.013 0.176) (-0.254 0.29 1.145) (0.058 -0.191 0.016) (0.166 0.058 0.096) (-0.096 -0.014 0.175) (-0.251 0.294 1.149) (0.066 -0.188 0.013) (0.167 0.065 0.088) (-0.087 -0.018 0.179) (-0.273 0.291 1.145) (0.082 -0.182 0.007) (0.17 0.078 0.071) (-0.068 -0.023 0.187) (-0.32 0.28 1.135) (0.101 -0.173 -0.003) (0.168 0.098 0.047) (-0.039 -0.026 0.194) (-0.385 0.255 1.126) (0.122 -0.158 -0.016) (0.159 0.121 0.017) (-0.004 -0.023 0.199) (-0.458 0.21 1.124) (0.141 -0.139 -0.031) (0.139 0.143 -0.014) (0.031 -0.012 0.197) (-0.528 0.144 1.135) (0.155 -0.117 -0.047) (0.109 0.162 -0.043) (0.063 0.008 0.19) (-0.581 0.062 1.157) (0.165 -0.094 -0.063) (0.073 0.174 -0.067) (0.086 0.032 0.178) (-0.612 -0.028 1.188) (0.17 -0.072 -0.077) (0.037 0.177 -0.085) (0.099 0.058 0.164) (-0.618 -0.115 1.221) (0.171 -0.054 -0.089) (0.005 0.175 -0.097) (0.104 0.081 0.151) (-0.608 -0.187 1.252) (0.171 -0.041 -0.096) (-0.017 0.17 -0.104) (0.103 0.097 0.142) (-0.592 -0.238 1.275) (0.17 -0.033 -0.099) (-0.031 0.166 -0.108) (0.1 0.107 0.136) (-0.578 -0.274 1.294) (0.171 -0.028 -0.1) (-0.039 0.162 -0.111) (0.097 0.114 0.133) (-0.567 -0.303 1.312) (0.172 -0.024 -0.099) (-0.043 0.159 -0.114) (0.093 0.119 0.131) (-0.559 -0.326 1.328) (0.174 -0.023 -0.096) (-0.044 0.157 -0.116) (0.089 0.122 0.131) (-0.555 -0.344 1.343) (0.176 -0.023 -0.092) (-0.042 0.156 -0.118) (0.085 0.123 0.133) (-0.554 -0.357 1.355) (0.178 -0.024 -0.087) (-0.037 0.156 -0.119) (0.082 0.122 0.135) (-0.555 -0.366 1.364) (0.181 -0.026 -0.082) (-0.032 0.157 -0.119) (0.08 0.121 0.138) (-0.557 -0.371 1.37) (0.182 -0.029 -0.077) (-0.025 0.159 -0.119) (0.078 0.118 0.141) (-0.561 -0.371 1.372) (0.184 -0.032 -0.072) (-0.018 0.16 -0.118) (0.077 0.115 0.145) (-0.566 -0.367 1.37) (0.185 -0.036 -0.068) (-0.012 0.162 -0.117) (0.076 0.112 0.147) (-0.571 -0.36 1.364) (0.185 -0.04 -0.065) (-0.005 0.164 -0.115) (0.076 0.108 0.15) (-0.578 -0.347 1.353) (0.184 -0.046 -0.062) (0.003 0.165 -0.112) (0.077 0.103 0.153) (-0.586 -0.329 1.338) (0.184 -0.052 -0.059) (0.012 0.167 -0.11) (0.078 0.097 0.156) (-0.596 -0.306 1.319) (0.182 -0.06 -0.056) (0.022 0.167 -0.107) (0.079 0.091 0.159) (-0.606 -0.279 1.297) (0.18 -0.068 -0.053) (0.033 0.168 -0.104) (0.08 0.085 0.162) (-0.616 -0.249 1.274) (0.178 -0.077 -0.05) (0.044 0.167 -0.101) (0.081 0.079 0.165) (-0.624 -0.217 1.249) (0.174 -0.086 -0.047) (0.054 0.165 -0.099) (0.081 0.073 0.167) (-0.631 -0.186 1.225) (0.171 -0.094 -0.044) (0.065 0.163 -0.096) (0.081 0.068 0.17) (-0.636 -0.154 1.201) (0.167 -0.102 -0.041) (0.075 0.16 -0.094) (0.081 0.063 0.172) (-0.639 -0.125 1.179) (0.171 0.041 0.096) (0.017 0.17 -0.104) (-0.103 0.097 0.142) (0.593 -0.239 1.275) (0.172 0.04 0.093) (0.016 0.17 -0.104) (-0.1 0.097 0.143) (0.592 -0.25 1.283) (0.174 0.039 0.091) (0.017 0.169 -0.105) (-0.097 0.099 0.144) (0.589 -0.264 1.294) (0.176 0.037 0.088) (0.017 0.169 -0.106) (-0.094 0.101 0.145) (0.586 -0.281 1.306) (0.177 0.035 0.085) (0.018 0.168 -0.108) (-0.091 0.103 0.146) (0.582 -0.298 1.319) (0.179 0.034 0.083) (0.019 0.167 -0.109) (-0.087 0.105 0.146) (0.578 -0.315 1.332) (0.181 0.032 0.08) (0.019 0.165 -0.111) (-0.084 0.108 0.146) (0.573 -0.331 1.344) (0.182 0.032 0.077) (0.019 0.164 -0.112) (-0.081 0.11 0.146) (0.57 -0.344 1.354) (0.183 0.032 0.074) (0.018 0.163 -0.114) (-0.079 0.111 0.147) (0.568 -0.355 1.361) (0.184 0.033 0.071) (0.016 0.163 -0.115) (-0.077 0.112 0.147) (0.568 -0.36 1.364) (0.185 0.036 0.068) (0.012 0.162 -0.117) (-0.076 0.112 0.147) (0.572 -0.36 1.363) (0.185 0.04 0.066) (0.007 0.162 -0.117) (-0.076 0.111 0.148) (0.578 -0.355 1.356) (0.184 0.045 0.063) (0.001 0.162 -0.118) (-0.077 0.109 0.149) (0.586 -0.343 1.344) (0.184 0.051 0.061) (-0.006 0.162 -0.117) (-0.079 0.106 0.15) (0.596 -0.327 1.326) (0.182 0.058 0.058) (-0.014 0.162 -0.117) (-0.081 0.102 0.152) (0.607 -0.305 1.305) (0.181 0.065 0.056) (-0.023 0.162 -0.115) (-0.083 0.098 0.154) (0.618 -0.279 1.282) (0.178 0.074 0.053) (-0.033 0.162 -0.113) (-0.085 0.092 0.156) (0.628 -0.249 1.256) (0.175 0.082 0.05) (-0.044 0.161 -0.11) (-0.086 0.085 0.159) (0.636 -0.216 1.23) (0.172 0.091 0.047) (-0.057 0.16 -0.105) (-0.086 0.077 0.163) (0.642 -0.179 1.204) (0.167 0.101 0.043) (-0.07 0.159 -0.1) (-0.084 0.068 0.168) (0.644 -0.14 1.18) (0.163 0.11 0.039) (-0.084 0.157 -0.092) (-0.081 0.059 0.173) (0.642 -0.1 1.158) (0.156 0.12 0.033) (-0.101 0.153 -0.08) (-0.073 0.046 0.18) (0.632 -0.051 1.137) (0.147 0.133 0.025) (-0.121 0.146 -0.062) (-0.06 0.031 0.188) (0.609 0.011 1.114) (0.135 0.147 0.017) (-0.142 0.135 -0.039) (-0.04 0.015 0.195) (0.571 0.077 1.096) (0.121 0.159 0.008) (-0.159 0.121 -0.013) (-0.015 0.001 0.199) (0.518 0.14 1.085) (0.105 0.17 0.0) (-0.17 0.104 0.015) (0.013 -0.008 0.199) (0.455 0.194 1.084) (0.089 0.179 -0.006) (-0.174 0.088 0.042) (0.041 -0.013 0.195) (0.39 0.235 1.093) (0.074 0.185 -0.012) (-0.174 0.074 0.066) (0.065 -0.014 0.189) (0.33 0.263 1.109) (0.063 0.189 -0.015) (-0.17 0.064 0.083) (0.083 -0.013 0.181) (0.284 0.28 1.128) (0.057 0.191 -0.017) (-0.167 0.058 0.094) (0.094 -0.013 0.176) (0.256 0.29 1.142) (0.058 0.191 -0.016) (-0.166 0.058 0.096) (0.096 -0.014 0.175) (0.25 0.294 1.148) (0.065 0.189 -0.014) (-0.167 0.064 0.089) (0.088 -0.018 0.178) (0.269 0.292 1.145) (0.078 0.184 -0.008) (-0.169 0.076 0.075) (0.072 -0.022 0.185) (0.309 0.282 1.137) (0.095 0.176 -0.001) (-0.169 0.092 0.055) (0.049 -0.026 0.192) (0.364 0.262 1.129) (0.114 0.164 0.009) (-0.163 0.112 0.03) (0.02 -0.025 0.197) (0.429 0.226 1.126) (0.132 0.148 0.022) (-0.149 0.133 0.002) (-0.013 -0.018 0.199) (0.496 0.172 1.132) (0.149 0.129 0.036) (-0.126 0.153 -0.026) (-0.045 -0.003 0.195) (0.555 0.101 1.148) (0.161 0.107 0.052) (-0.095 0.168 -0.053) (-0.072 0.018 0.186) (0.598 0.016 1.173) (0.169 0.084 0.067) (-0.058 0.176 -0.075) (-0.091 0.044 0.173) (0.617 -0.074 1.206) (0.172 0.061 0.082) (-0.019 0.176 -0.092) (-0.101 0.071 0.157) (0.614 -0.162 1.241))))