((:name . "AttackSpell") (:length . 2) (:bones . (("Lokot_P_end" . ((0 (0 248 1 1044)))) ("Golova_end" . ((0 (0 248 1 788)))) ("Lokot_L_end" . ((0 (0 248 1 1044)))) ("Tors" . ((0 (0 248 1 442)) (0.03333334 (443 444 445 442)) (0.06666667 (446 447 448 442)) (0.1 (449 450 451 442)) (0.1333333 (452 453 454 442)) (0.1666667 (455 456 457 442)) (0.2 (458 459 460 442)) (0.2333333 (461 462 463 442)) (0.2666667 (464 465 466 442)) (0.3 (467 468 469 442)) (0.3333333 (470 471 472 442)) (0.3666667 (473 474 475 442)) (0.4 (476 477 478 442)) (0.4333333 (479 480 481 442)) (0.4666667 (482 483 484 442)) (0.5 (485 486 487 442)) (0.5333334 (488 489 490 442)) (0.5666667 (491 492 493 442)) (0.6 (494 495 496 442)) (0.6333333 (497 498 499 442)) (0.6666667 (470 471 472 442)) (0.7 (500 501 502 442)) (0.7333333 (503 504 505 442)) (0.7666667 (506 507 508 442)) (0.8 (509 510 511 442)) (0.8333333 (512 513 514 442)) (0.8666667 (515 516 517 442)) (0.9 (518 519 520 442)) (0.9333333 (521 522 523 442)) (0.9666666 (524 525 526 442)) (1 (527 528 529 442)) (1.033333 (530 531 532 442)) (1.066667 (533 534 535 442)) (1.1 (536 537 538 442)) (1.133333 (539 540 541 442)) (1.166667 (542 543 544 442)) (1.2 (545 546 547 442)) (1.233333 (548 549 550 442)) (1.266667 (551 552 553 442)) (1.3 (554 555 556 442)) (1.333333 (527 528 529 442)) (1.366667 (557 558 559 442)) (1.4 (560 561 562 442)) (1.433333 (563 564 565 442)) (1.466667 (566 567 568 442)) (1.5 (569 570 571 442)) (1.533333 (572 573 574 442)) (1.566667 (575 576 577 442)) (1.6 (578 579 580 442)) (1.633333 (581 582 583 442)) (1.666667 (584 585 586 442)) (1.7 (587 588 589 442)) (1.733333 (590 591 592 442)) (1.766667 (593 594 595 442)) (1.8 (596 597 598 442)) (1.833333 (599 600 601 442)) (1.866667 (602 603 604 442)) (1.9 (605 606 607 442)) (1.933333 (608 609 610 442)) (1.966667 (611 612 613 442)))) ("Lamp" . ((0 (1340 1341 1342 1343)))) ("Lokot_P" . ((0 (1196 1197 1198 963)) (0.03333334 (1199 1200 1201 963)) (0.06666667 (1202 1203 1204 963)) (0.1 (1205 1206 1207 963)) (0.1333333 (1208 1209 1210 963)) (0.1666667 (1211 1212 1213 963)) (0.2 (1214 1215 1216 963)) (0.2333333 (1217 1218 1219 963)) (0.2666667 (1220 1221 1222 963)) (0.3 (1223 1224 1225 963)) (0.3333333 (248 791 1 963)) (0.3666667 (1226 1227 1228 963)) (0.4 (1229 1230 1231 963)) (0.4333333 (1232 1233 1234 963)) (0.4666667 (1235 1236 1234 963)) (0.5 (1237 1238 1239 963)) (0.5333334 (1240 1241 1242 963)) (0.5666667 (1243 1244 1245 963)) (0.6 (1246 1247 1248 963)) (0.6333333 (436 1249 1250 963)) (0.6666667 (248 791 1 963)) (0.7 (1251 1252 1 963)) (0.7333333 (1253 1254 1 963)) (0.7666667 (208 1255 1 963)) (0.8 (1256 1257 1 963)) (0.8333333 (1258 1259 1 963)) (0.8666667 (1260 1261 1 963)) (0.9 (1262 1263 1 963)) (0.9333333 (1264 1265 1 963)) (0.9666666 (1266 1267 1 963)) (1 (385 384 1 963)) (1.033333 (1268 1269 1 963)) (1.066667 (1270 1271 1250 963)) (1.1 (1272 1273 1248 963)) (1.133333 (1274 1275 1276 963)) (1.166667 (1277 1278 1245 963)) (1.2 (1279 1280 1245 963)) (1.233333 (1281 1282 1228 963)) (1.266667 (1283 1284 1245 963)) (1.3 (1285 1286 1287 963)) (1.333333 (385 384 1 963)) (1.366667 (1288 1289 1290 963)) (1.4 (1291 1292 1225 963)) (1.433333 (1293 1294 1295 963)) (1.466667 (1296 1297 1222 963)) (1.5 (1298 1299 1300 963)) (1.533333 (1301 1302 1219 963)) (1.566667 (1303 1304 1305 963)) (1.6 (1306 1307 1216 963)) (1.633333 (1308 1309 1310 963)) (1.666667 (1311 1312 1213 963)) (1.7 (1313 1314 1315 963)) (1.733333 (1316 1317 1210 963)) (1.766667 (1318 1319 1320 963)) (1.8 (1321 1322 1207 963)) (1.833333 (1323 1324 1325 963)) (1.866667 (1326 1327 1204 963)) (1.9 (1328 1329 1330 963)) (1.933333 (1331 1332 1201 963)) (1.966667 (1333 1334 1335 963)))) ("Lokot_L" . ((0 (227 961 962 963)) (0.03333334 (964 965 966 963)) (0.06666667 (967 968 969 963)) (0.1 (970 971 972 963)) (0.1333333 (973 974 975 963)) (0.1666667 (976 977 978 963)) (0.2 (979 980 981 963)) (0.2333333 (982 983 984 963)) (0.2666667 (985 986 987 963)) (0.3 (988 989 990 963)) (0.3333333 (248 791 1 963)) (0.3666667 (436 991 1 963)) (0.4 (992 993 994 963)) (0.4333333 (995 996 994 963)) (0.4666667 (997 998 994 963)) (0.5 (999 1000 994 963)) (0.5333334 (1001 1002 994 963)) (0.5666667 (1003 1004 1 963)) (0.6 (1005 1006 1 963)) (0.6333333 (1007 1008 1 963)) (0.6666667 (248 791 1 963)) (0.7 (248 791 1 963)) (0.7333333 (248 791 1 963)) (0.7666667 (248 791 1 963)) (0.8 (248 791 1 963)) (0.8333333 (248 791 1 963)) (0.8666667 (248 791 1 963)) (0.9 (248 791 1 963)) (0.9333333 (248 791 1 963)) (0.9666666 (248 791 1 963)) (1 (248 791 1 963)) (1.033333 (1009 1010 1 963)) (1.066667 (1011 1012 1 963)) (1.1 (1005 1006 1 963)) (1.133333 (1013 1014 1 963)) (1.166667 (1015 1016 1 963)) (1.2 (1017 1018 1 963)) (1.233333 (1019 1020 1 963)) (1.266667 (1003 1004 1 963)) (1.3 (1021 1022 1 963)) (1.333333 (248 791 1 963)) (1.366667 (1023 1024 1 963)) (1.4 (988 989 990 963)) (1.433333 (1025 1026 990 963)) (1.466667 (985 986 987 963)) (1.5 (1027 1028 987 963)) (1.533333 (982 983 984 963)) (1.566667 (1029 1030 984 963)) (1.6 (979 980 981 963)) (1.633333 (1031 1032 981 963)) (1.666667 (976 977 978 963)) (1.7 (1033 1034 975 963)) (1.733333 (973 974 975 963)) (1.766667 (1035 1036 1037 963)) (1.8 (970 971 972 963)) (1.833333 (1038 1039 972 963)) (1.866667 (967 968 969 963)) (1.9 (1040 1041 969 963)) (1.933333 (964 965 966 963)) (1.966667 (1042 1043 962 963)))) ("Kluchitsa_P_end" . ((0 (0 248 1 790)))) ("Koleno_P_end" . ((0 (0 248 1 249)))) ("Bedro_L" . ((0 (4 5 0 6)) (0.03333334 (7 8 0 6)) (0.06666667 (9 10 0 6)) (0.1 (11 12 0 6)) (0.1333333 (13 14 0 6)) (0.1666667 (15 16 0 6)) (0.2 (17 18 0 6)) (0.2333333 (19 20 0 6)) (0.2666667 (21 22 0 6)) (0.3 (23 24 0 6)) (0.3333333 (25 26 0 6)) (0.3666667 (27 28 0 6)) (0.4 (29 30 0 6)) (0.4333333 (31 32 0 6)) (0.4666667 (33 34 0 6)) (0.5 (35 36 0 6)) (0.5333334 (37 38 0 6)) (0.5666667 (39 40 0 6)) (0.6 (41 42 0 6)) (0.6333333 (43 44 0 6)) (0.6666667 (25 26 0 6)) (0.7 (45 46 0 6)) (0.7333333 (47 48 0 6)) (0.7666667 (49 50 0 6)) (0.8 (51 52 0 6)) (0.8333333 (53 54 0 6)) (0.8666667 (55 56 0 6)) (0.9 (57 58 0 6)) (0.9333333 (59 60 0 6)) (0.9666666 (61 62 0 6)) (1 (63 64 0 6)) (1.033333 (65 66 0 6)) (1.066667 (67 68 0 6)) (1.1 (69 70 0 6)) (1.133333 (71 72 0 6)) (1.166667 (69 70 0 6)) (1.2 (73 74 0 6)) (1.233333 (75 76 0 6)) (1.266667 (77 78 0 6)) (1.3 (79 80 0 6)) (1.333333 (63 64 0 6)) (1.366667 (81 82 0 6)) (1.4 (83 84 0 6)) (1.433333 (85 86 0 6)) (1.466667 (87 88 0 6)) (1.5 (89 90 0 6)) (1.533333 (91 92 0 6)) (1.566667 (93 94 0 6)) (1.6 (95 96 0 6)) (1.633333 (97 98 0 6)) (1.666667 (99 100 0 6)) (1.7 (101 102 0 6)) (1.733333 (103 104 0 6)) (1.766667 (105 106 0 6)) (1.8 (107 108 0 6)) (1.833333 (109 110 0 6)) (1.866667 (111 112 0 6)) (1.9 (113 114 0 6)) (1.933333 (115 116 0 6)) (1.966667 (117 118 0 6)))) ("Koleno_L_end" . ((0 (0 248 1 249)))) ("Koleno_P" . ((0 (248 0 188 122)) (0.03333334 (339 340 188 122)) (0.06666667 (341 342 188 122)) (0.1 (343 344 188 122)) (0.1333333 (345 346 188 122)) (0.1666667 (347 348 188 122)) (0.2 (349 350 188 122)) (0.2333333 (351 352 188 122)) (0.2666667 (353 354 188 122)) (0.3 (355 356 188 122)) (0.3333333 (186 187 188 122)) (0.3666667 (357 358 188 122)) (0.4 (359 360 188 122)) (0.4333333 (361 362 188 122)) (0.4666667 (363 364 188 122)) (0.5 (365 366 188 122)) (0.5333334 (367 203 188 122)) (0.5666667 (368 369 188 122)) (0.6 (204 205 188 122)) (0.6333333 (370 371 188 122)) (0.6666667 (186 187 188 122)) (0.7 (372 184 188 122)) (0.7333333 (373 181 188 122)) (0.7666667 (374 178 188 122)) (0.8 (375 175 188 122)) (0.8333333 (248 0 188 122)) (0.8666667 (376 377 188 122)) (0.9 (378 379 188 122)) (0.9333333 (380 381 188 122)) (0.9666666 (382 383 188 122)) (1 (384 385 188 122)) (1.033333 (386 387 188 122)) (1.066667 (388 389 188 122)) (1.1 (390 391 188 122)) (1.133333 (392 393 188 122)) (1.166667 (394 395 188 122)) (1.2 (396 397 188 122)) (1.233333 (398 399 188 122)) (1.266667 (400 401 188 122)) (1.3 (402 403 188 122)) (1.333333 (384 385 188 122)) (1.366667 (404 405 188 122)) (1.4 (406 407 188 122)) (1.433333 (408 409 188 122)) (1.466667 (410 411 188 122)) (1.5 (412 413 188 122)) (1.533333 (414 415 188 122)) (1.566667 (416 417 188 122)) (1.6 (418 419 188 122)) (1.633333 (420 421 188 122)) (1.666667 (422 423 188 122)) (1.7 (424 425 188 122)) (1.733333 (426 427 188 122)) (1.766667 (428 429 188 122)) (1.8 (430 431 188 122)) (1.833333 (432 433 188 122)) (1.866667 (434 435 188 122)) (1.9 (436 437 188 122)) (1.933333 (438 439 188 122)) (1.966667 (440 441 188 122)))) ("Bedro_P" . ((0 (250 251 0 252)) (0.03333334 (253 254 0 252)) (0.06666667 (255 256 0 252)) (0.1 (257 258 0 252)) (0.1333333 (259 260 0 252)) (0.1666667 (261 262 0 252)) (0.2 (263 264 0 252)) (0.2333333 (265 266 0 252)) (0.2666667 (267 268 0 252)) (0.3 (269 270 0 252)) (0.3333333 (63 64 0 252)) (0.3666667 (271 272 0 252)) (0.4 (273 274 0 252)) (0.4333333 (275 276 0 252)) (0.4666667 (277 278 0 252)) (0.5 (279 280 0 252)) (0.5333334 (281 282 0 252)) (0.5666667 (283 284 0 252)) (0.6 (285 286 0 252)) (0.6333333 (287 288 0 252)) (0.6666667 (63 64 0 252)) (0.7 (61 62 0 252)) (0.7333333 (59 60 0 252)) (0.7666667 (57 58 0 252)) (0.8 (55 56 0 252)) (0.8333333 (53 54 0 252)) (0.8666667 (51 52 0 252)) (0.9 (49 50 0 252)) (0.9333333 (47 48 0 252)) (0.9666666 (45 46 0 252)) (1 (25 26 0 252)) (1.033333 (43 44 0 252)) (1.066667 (289 290 0 252)) (1.1 (291 292 0 252)) (1.133333 (293 294 0 252)) (1.166667 (295 296 0 252)) (1.2 (297 298 0 252)) (1.233333 (299 300 0 252)) (1.266667 (301 302 0 252)) (1.3 (303 304 0 252)) (1.333333 (25 26 0 252)) (1.366667 (305 306 0 252)) (1.4 (307 308 0 252)) (1.433333 (309 310 0 252)) (1.466667 (311 312 0 252)) (1.5 (313 314 0 252)) (1.533333 (315 316 0 252)) (1.566667 (317 318 0 252)) (1.6 (319 320 0 252)) (1.633333 (321 322 0 252)) (1.666667 (115 116 0 252)) (1.7 (323 324 0 252)) (1.733333 (325 326 0 252)) (1.766667 (327 328 0 252)) (1.8 (329 330 0 252)) (1.833333 (331 332 0 252)) (1.866667 (333 334 0 252)) (1.9 (335 336 0 252)) (1.933333 (99 100 0 252)) (1.966667 (337 338 0 252)))) ("Golova" . ((0 (0 614 615 616)) (0.03333334 (617 618 619 616)) (0.06666667 (620 621 622 616)) (0.1 (623 624 625 616)) (0.1333333 (626 627 628 616)) (0.1666667 (629 630 631 616)) (0.2 (632 633 634 616)) (0.2333333 (635 636 637 616)) (0.2666667 (638 639 640 616)) (0.3 (641 642 643 616)) (0.3333333 (644 645 646 616)) (0.3666667 (647 648 649 616)) (0.4 (650 651 652 616)) (0.4333333 (653 654 655 616)) (0.4666667 (656 657 658 616)) (0.5 (659 660 661 616)) (0.5333334 (662 663 664 616)) (0.5666667 (665 666 667 616)) (0.6 (668 669 670 616)) (0.6333333 (671 672 673 616)) (0.6666667 (644 645 646 616)) (0.7 (674 675 676 616)) (0.7333333 (677 678 679 616)) (0.7666667 (680 681 682 616)) (0.8 (683 684 685 616)) (0.8333333 (686 687 688 616)) (0.8666667 (689 690 691 616)) (0.9 (692 693 694 616)) (0.9333333 (695 696 697 616)) (0.9666666 (698 699 700 616)) (1 (701 702 703 616)) (1.033333 (704 705 706 616)) (1.066667 (707 708 709 616)) (1.1 (710 711 712 616)) (1.133333 (713 714 715 616)) (1.166667 (716 717 718 616)) (1.2 (719 720 721 616)) (1.233333 (722 723 724 616)) (1.266667 (725 726 727 616)) (1.3 (728 729 730 616)) (1.333333 (701 702 703 616)) (1.366667 (731 732 733 616)) (1.4 (734 735 736 616)) (1.433333 (737 738 739 616)) (1.466667 (740 741 742 616)) (1.5 (743 744 745 616)) (1.533333 (746 747 748 616)) (1.566667 (749 750 751 616)) (1.6 (752 753 754 616)) (1.633333 (755 756 757 616)) (1.666667 (758 759 760 616)) (1.7 (761 762 763 616)) (1.733333 (764 765 766 616)) (1.766667 (767 768 769 616)) (1.8 (770 771 772 616)) (1.833333 (773 774 775 616)) (1.866667 (776 777 778 616)) (1.9 (779 780 781 616)) (1.933333 (782 783 784 616)) (1.966667 (785 786 787 616)))) ("Kluchitsa_L_end" . ((0 (0 248 1 790)))) ("Ruka_P" . ((0 (864 1045 865 1046)) (0.03333334 (1047 1048 1049 1046)) (0.06666667 (1050 1051 1052 1046)) (0.1 (1053 1054 1055 1046)) (0.1333333 (1056 1057 1058 1046)) (0.1666667 (1059 1060 1061 1046)) (0.2 (1062 1063 1064 1046)) (0.2333333 (1065 1066 1067 1046)) (0.2666667 (1068 1069 1070 1046)) (0.3 (1071 1072 1073 1046)) (0.3333333 (792 1074 1075 1046)) (0.3666667 (1076 1077 1078 1046)) (0.4 (1079 1080 1081 1046)) (0.4333333 (1082 1083 1084 1046)) (0.4666667 (1085 1086 1087 1046)) (0.5 (1088 1089 1090 1046)) (0.5333334 (1091 1092 1093 1046)) (0.5666667 (1094 1095 1096 1046)) (0.6 (1097 1098 1099 1046)) (0.6333333 (1100 1101 1102 1046)) (0.6666667 (792 1074 1075 1046)) (0.7 (792 1103 1104 1046)) (0.7333333 (792 1105 1106 1046)) (0.7666667 (792 1107 1108 1046)) (0.8 (792 1109 1110 1046)) (0.8333333 (792 1111 1112 1046)) (0.8666667 (792 1113 1114 1046)) (0.9 (792 1115 1116 1046)) (0.9333333 (792 1117 1118 1046)) (0.9666666 (792 1119 1120 1046)) (1 (792 1121 1122 1046)) (1.033333 (1123 1124 1125 1046)) (1.066667 (1126 1127 1128 1046)) (1.1 (1097 1129 1130 1046)) (1.133333 (1131 1132 1133 1046)) (1.166667 (1094 1134 1135 1046)) (1.2 (1136 1137 1138 1046)) (1.233333 (1139 1140 1141 1046)) (1.266667 (1142 1143 1144 1046)) (1.3 (1145 1146 1147 1046)) (1.333333 (792 1121 1122 1046)) (1.366667 (1148 1149 1150 1046)) (1.4 (1071 1151 1152 1046)) (1.433333 (1153 1154 1155 1046)) (1.466667 (1068 1156 1157 1046)) (1.5 (1158 1159 1160 1046)) (1.533333 (1065 1161 1162 1046)) (1.566667 (1163 1164 1165 1046)) (1.6 (1062 1166 1167 1046)) (1.633333 (1168 1169 1170 1046)) (1.666667 (1059 1171 1172 1046)) (1.7 (1173 1174 1175 1046)) (1.733333 (1056 1176 1177 1046)) (1.766667 (1178 1179 1180 1046)) (1.8 (1053 1181 1182 1046)) (1.833333 (1183 1184 1185 1046)) (1.866667 (1050 1186 1187 1046)) (1.9 (1188 1189 1190 1046)) (1.933333 (1047 1191 1192 1046)) (1.966667 (1193 1194 1195 1046)))) ("Skelet" . ((0 (0 1 2 3)))) ("Camera" . ((0 (1336 1337 1338 1339)))) ("Mag" . ((0 (1344 1345 1346 1346)))) ("Kluchitsa_L" . ((0 (1 0 248 789)))) ("Ruka_L" . ((0 (792 793 794 795)) (0.03333334 (796 797 798 795)) (0.06666667 (799 800 801 795)) (0.1 (802 803 804 795)) (0.1333333 (805 806 807 795)) (0.1666667 (808 809 810 795)) (0.2 (811 812 813 795)) (0.2333333 (814 815 816 795)) (0.2666667 (817 818 819 795)) (0.3 (820 821 822 795)) (0.3333333 (823 824 825 795)) (0.3666667 (826 827 828 795)) (0.4 (829 830 831 795)) (0.4333333 (832 833 834 795)) (0.4666667 (835 836 837 795)) (0.5 (835 838 839 795)) (0.5333334 (840 841 842 795)) (0.5666667 (843 844 845 795)) (0.6 (846 847 848 795)) (0.6333333 (849 850 851 795)) (0.6666667 (823 824 825 795)) (0.7 (852 853 854 795)) (0.7333333 (855 856 857 795)) (0.7666667 (858 859 860 795)) (0.8 (861 862 863 795)) (0.8333333 (864 865 866 795)) (0.8666667 (867 868 869 795)) (0.9 (870 871 872 795)) (0.9333333 (873 874 875 795)) (0.9666666 (876 877 878 795)) (1 (1 879 880 795)) (1.033333 (881 882 883 795)) (1.066667 (884 885 886 795)) (1.1 (887 888 889 795)) (1.133333 (884 890 891 795)) (1.166667 (892 893 894 795)) (1.2 (895 896 897 795)) (1.233333 (898 899 900 795)) (1.266667 (1 901 902 795)) (1.3 (903 904 905 795)) (1.333333 (1 879 880 795)) (1.366667 (898 906 907 795)) (1.4 (895 908 909 795)) (1.433333 (910 911 912 795)) (1.466667 (913 914 915 795)) (1.5 (916 917 918 795)) (1.533333 (919 920 921 795)) (1.566667 (922 923 924 795)) (1.6 (925 926 927 795)) (1.633333 (928 929 930 795)) (1.666667 (931 932 933 795)) (1.7 (934 935 936 795)) (1.733333 (937 938 939 795)) (1.766667 (940 941 942 795)) (1.8 (943 944 945 795)) (1.833333 (946 947 948 795)) (1.866667 (949 950 951 795)) (1.9 (952 953 954 795)) (1.933333 (955 956 957 795)) (1.966667 (958 959 960 795)))) ("Koleno_L" . ((0 (119 120 121 122)) (0.03333334 (123 124 121 122)) (0.06666667 (125 126 121 122)) (0.1 (127 128 121 122)) (0.1333333 (129 130 121 122)) (0.1666667 (131 132 121 122)) (0.2 (133 134 121 122)) (0.2333333 (135 136 121 122)) (0.2666667 (137 138 121 122)) (0.3 (139 140 121 122)) (0.3333333 (141 142 121 122)) (0.3666667 (143 144 121 122)) (0.4 (145 146 121 122)) (0.4333333 (147 148 149 122)) (0.4666667 (150 151 149 122)) (0.5 (152 153 149 122)) (0.5333334 (154 155 149 122)) (0.5666667 (156 157 149 122)) (0.6 (158 159 149 122)) (0.6333333 (160 155 149 122)) (0.6666667 (141 142 121 122)) (0.7 (161 162 121 122)) (0.7333333 (163 164 165 122)) (0.7666667 (166 167 168 122)) (0.8 (169 170 171 122)) (0.8333333 (172 0 173 122)) (0.8666667 (174 175 176 122)) (0.9 (177 178 179 122)) (0.9333333 (180 181 182 122)) (0.9666666 (183 184 185 122)) (1 (186 187 188 122)) (1.033333 (189 190 188 122)) (1.066667 (191 192 193 122)) (1.1 (194 195 193 122)) (1.133333 (196 197 193 122)) (1.166667 (198 199 193 122)) (1.2 (200 201 193 122)) (1.233333 (202 203 193 122)) (1.266667 (204 205 193 122)) (1.3 (206 207 188 122)) (1.333333 (186 187 188 122)) (1.366667 (208 209 188 122)) (1.4 (210 211 185 122)) (1.433333 (212 213 185 122)) (1.466667 (214 215 182 122)) (1.5 (216 217 182 122)) (1.533333 (218 219 179 122)) (1.566667 (220 221 179 122)) (1.6 (222 223 176 122)) (1.633333 (224 225 176 122)) (1.666667 (226 227 228 122)) (1.7 (229 230 173 122)) (1.733333 (231 232 173 122)) (1.766667 (233 234 171 122)) (1.8 (235 236 168 122)) (1.833333 (237 238 168 122)) (1.866667 (239 240 241 122)) (1.9 (242 243 241 122)) (1.933333 (244 245 165 122)) (1.966667 (246 247 121 122)))) ("Kluchitsa_P" . ((0 (188 791 248 789)))))) (:resources . ((1.0 0.0 0.0) (0.0 0.0 1.0) (0.0 -1.0 0.0) (0.0 0.0 0.1) (0.0 -0.342 0.94) (0.0 -0.94 -0.342) (0.123 -0.038 0.0) (0.0 -0.325 0.946) (0.0 -0.946 -0.325) (0.0 -0.306 0.952) (0.0 -0.952 -0.306) (0.0 -0.287 0.958) (0.0 -0.958 -0.287) (0.0 -0.268 0.964) (0.0 -0.964 -0.268) (0.0 -0.248 0.969) (0.0 -0.969 -0.248) (0.0 -0.23 0.973) (0.0 -0.973 -0.23) (0.0 -0.212 0.977) (0.0 -0.977 -0.212) (0.0 -0.197 0.98) (0.0 -0.98 -0.197) (0.0 -0.184 0.983) (0.0 -0.983 -0.184) (0.0 -0.174 0.985) (0.0 -0.985 -0.174) (0.0 -0.164 0.987) (0.0 -0.987 -0.164) (0.0 -0.152 0.988) (0.0 -0.988 -0.152) (0.0 -0.139 0.99) (0.0 -0.99 -0.139) (0.0 -0.128 0.992) (0.0 -0.992 -0.128) (0.0 -0.12 0.993) (0.0 -0.993 -0.12) (0.0 -0.116 0.993) (0.0 -0.993 -0.116) (0.0 -0.117 0.993) (0.0 -0.993 -0.117) (0.0 -0.127 0.992) (0.0 -0.992 -0.127) (0.0 -0.145 0.989) (0.0 -0.989 -0.145) (0.0 -0.217 0.976) (0.0 -0.976 -0.217) (0.0 -0.277 0.961) (0.0 -0.961 -0.277) (0.0 -0.347 0.938) (0.0 -0.938 -0.347) (0.0 -0.423 0.906) (0.0 -0.906 -0.423) (0.0 -0.5 0.866) (0.0 -0.866 -0.5) (0.0 -0.573 0.82) (0.0 -0.82 -0.573) (0.0 -0.638 0.77) (0.0 -0.77 -0.638) (0.0 -0.694 0.72) (0.0 -0.72 -0.694) (0.0 -0.737 0.676) (0.0 -0.676 -0.737) (0.0 -0.766 0.643) (0.0 -0.643 -0.766) (0.0 -0.785 0.62) (0.0 -0.62 -0.785) (0.0 -0.797 0.605) (0.0 -0.605 -0.797) (0.0 -0.803 0.596) (0.0 -0.596 -0.803) (0.0 -0.805 0.593) (0.0 -0.593 -0.805) (0.0 -0.799 0.602) (0.0 -0.602 -0.799) (0.0 -0.792 0.611) (0.0 -0.611 -0.792) (0.0 -0.784 0.621) (0.0 -0.621 -0.784) (0.0 -0.775 0.632) (0.0 -0.632 -0.775) (0.0 -0.757 0.654) (0.0 -0.654 -0.757) (0.0 -0.746 0.666) (0.0 -0.666 -0.746) (0.0 -0.733 0.68) (0.0 -0.68 -0.733) (0.0 -0.718 0.696) (0.0 -0.696 -0.718) (0.0 -0.702 0.712) (0.0 -0.712 -0.702) (0.0 -0.685 0.729) (0.0 -0.729 -0.685) (0.0 -0.665 0.746) (0.0 -0.746 -0.665) (0.0 -0.645 0.764) (0.0 -0.764 -0.645) (0.0 -0.623 0.782) (0.0 -0.782 -0.623) (0.0 -0.6 0.8) (0.0 -0.8 -0.6) (0.0 -0.576 0.817) (0.0 -0.817 -0.576) (0.0 -0.551 0.834) (0.0 -0.834 -0.551) (0.0 -0.525 0.851) (0.0 -0.851 -0.525) (0.0 -0.499 0.867) (0.0 -0.867 -0.499) (0.0 -0.473 0.881) (0.0 -0.881 -0.473) (0.0 -0.446 0.895) (0.0 -0.895 -0.446) (0.0 -0.419 0.908) (0.0 -0.908 -0.419) (0.0 -0.393 0.92) (0.0 -0.92 -0.393) (0.0 -0.367 0.93) (0.0 -0.93 -0.367) (-0.766 0.643 -0.007) (0.643 0.766 -0.009) (0.0 -0.011 -1.0) (0.0 0.532 0.0) (-0.73 0.684 -0.008) (0.684 0.73 -0.008) (-0.689 0.725 -0.008) (0.725 0.689 -0.008) (-0.644 0.765 -0.009) (0.765 0.643 -0.007) (-0.596 0.803 -0.009) (0.803 0.596 -0.007) (-0.546 0.837 -0.009) (0.837 0.546 -0.006) (-0.498 0.867 -0.01) (0.867 0.498 -0.006) (-0.451 0.893 -0.01) (0.893 0.451 -0.005) (-0.408 0.913 -0.01) (0.913 0.408 -0.005) (-0.371 0.929 -0.01) (0.929 0.371 -0.004) (-0.342 0.94 -0.011) (0.94 0.342 -0.004) (-0.325 0.946 -0.011) (0.946 0.325 -0.004) (-0.321 0.947 -0.011) (0.947 0.321 -0.004) (-0.326 0.945 -0.011) (0.945 0.326 -0.004) (0.0 -0.012 -1.0) (-0.338 0.941 -0.011) (0.941 0.338 -0.004) (-0.352 0.936 -0.011) (0.936 0.352 -0.004) (-0.366 0.931 -0.011) (0.931 0.366 -0.004) (-0.375 0.927 -0.011) (0.927 0.374 -0.005) (-0.376 0.927 -0.011) (0.927 0.376 -0.005) (-0.366 0.93 -0.011) (-0.3 0.954 -0.01) (0.954 0.3 -0.003) (-0.241 0.971 -0.009) (0.971 0.241 -0.002) (0.0 -0.01 -1.0) (-0.168 0.986 -0.008) (0.986 0.168 -0.001) (0.0 -0.008 -1.0) (-0.086 0.996 -0.007) (0.996 0.086 -0.001) (0.0 -0.007 -1.0) (0.0 1.0 -0.006) (0.0 -0.006 -1.0) (0.086 0.996 -0.004) (0.996 -0.086 0.0) (0.0 -0.004 -1.0) (0.168 0.986 -0.003) (0.986 -0.168 0.0) (0.0 -0.003 -1.0) (0.241 0.971 -0.002) (0.971 -0.241 0.0) (0.0 -0.002 -1.0) (0.3 0.954 -0.001) (0.954 -0.3 0.0) (0.0 -0.001 -1.0) (0.342 0.94 0.0) (0.94 -0.342 0.0) (0.0 0.0 -1.0) (0.371 0.929 0.0) (0.929 -0.371 0.0) (0.393 0.92 0.001) (0.92 -0.393 0.0) (0.0 0.001 -1.0) (0.407 0.913 0.001) (0.913 -0.407 0.0) (0.416 0.91 0.001) (0.91 -0.416 0.0) (0.418 0.909 0.001) (0.909 -0.418 0.0) (0.414 0.91 0.001) (0.91 -0.414 0.0) (0.404 0.915 0.001) (0.915 -0.404 0.0) (0.389 0.921 0.0) (0.921 -0.389 0.0) (0.368 0.93 0.0) (0.93 -0.368 0.0) (0.31 0.951 0.0) (0.951 -0.31 0.0) (0.273 0.962 -0.001) (0.962 -0.273 0.0) (0.23 0.973 -0.001) (0.973 -0.23 0.0) (0.182 0.983 -0.002) (0.983 -0.182 0.0) (0.129 0.992 -0.002) (0.992 -0.129 0.0) (0.072 0.997 -0.003) (0.997 -0.072 0.0) (0.012 1.0 -0.003) (1.0 -0.012 0.0) (-0.052 0.999 -0.004) (0.999 0.052 0.0) (-0.117 0.993 -0.004) (0.993 0.117 -0.001) (-0.184 0.983 -0.005) (0.983 0.184 -0.001) (0.0 -0.005 -1.0) (-0.252 0.968 -0.005) (0.968 0.252 -0.001) (-0.32 0.948 -0.006) (0.948 0.32 -0.002) (-0.386 0.922 -0.006) (0.922 0.386 -0.003) (-0.451 0.893 -0.007) (0.893 0.451 -0.003) (-0.513 0.858 -0.007) (0.858 0.513 -0.004) (-0.572 0.82 -0.007) (0.82 0.572 -0.005) (0.0 -0.009 -1.0) (-0.627 0.779 -0.007) (0.779 0.627 -0.006) (-0.678 0.735 -0.007) (0.735 0.678 -0.007) (-0.724 0.689 -0.007) (0.689 0.724 -0.008) (0.0 1.0 0.0) (0.0 0.578 0.0) (0.0 -0.643 0.766) (0.0 -0.766 -0.643) (-0.123 -0.038 0.0) (0.0 -0.657 0.754) (0.0 -0.754 -0.657) (0.0 -0.671 0.741) (0.0 -0.741 -0.671) (0.0 -0.686 0.728) (0.0 -0.728 -0.686) (0.0 -0.701 0.713) (0.0 -0.713 -0.701) (0.0 -0.715 0.699) (0.0 -0.699 -0.715) (0.0 -0.728 0.686) (0.0 -0.686 -0.728) (0.0 -0.74 0.673) (0.0 -0.673 -0.74) (0.0 -0.751 0.661) (0.0 -0.661 -0.751) (0.0 -0.759 0.651) (0.0 -0.651 -0.759) (0.0 -0.773 0.635) (0.0 -0.635 -0.773) (0.0 -0.78 0.626) (0.0 -0.626 -0.78) (0.0 -0.788 0.616) (0.0 -0.616 -0.788) (0.0 -0.795 0.607) (0.0 -0.607 -0.795) (0.0 -0.8 0.6) (0.0 -0.6 -0.8) (0.0 -0.802 0.597) (0.0 -0.597 -0.802) (0.0 -0.801 0.598) (0.0 -0.598 -0.801) (0.0 -0.796 0.606) (0.0 -0.606 -0.796) (0.0 -0.784 0.62) (0.0 -0.62 -0.784) (0.0 -0.125 0.992) (0.0 -0.992 -0.125) (0.0 -0.115 0.993) (0.0 -0.993 -0.115) (0.0 -0.111 0.994) (0.0 -0.994 -0.111) (0.0 -0.114 0.993) (0.0 -0.993 -0.114) (0.0 -0.122 0.993) (0.0 -0.993 -0.122) (0.0 -0.133 0.991) (0.0 -0.991 -0.133) (0.0 -0.146 0.989) (0.0 -0.989 -0.146) (0.0 -0.16 0.987) (0.0 -0.987 -0.16) (0.0 -0.188 0.982) (0.0 -0.982 -0.188) (0.0 -0.204 0.979) (0.0 -0.979 -0.204) (0.0 -0.223 0.975) (0.0 -0.975 -0.223) (0.0 -0.243 0.97) (0.0 -0.97 -0.243) (0.0 -0.265 0.964) (0.0 -0.964 -0.265) (0.0 -0.289 0.957) (0.0 -0.957 -0.289) (0.0 -0.314 0.95) (0.0 -0.95 -0.314) (0.0 -0.339 0.941) (0.0 -0.941 -0.339) (0.0 -0.366 0.931) (0.0 -0.931 -0.366) (0.0 -0.42 0.908) (0.0 -0.908 -0.42) (0.0 -0.447 0.894) (0.0 -0.894 -0.447) (0.0 -0.474 0.88) (0.0 -0.88 -0.474) (0.0 -0.501 0.866) (0.0 -0.866 -0.501) (0.0 -0.527 0.85) (0.0 -0.85 -0.527) (0.0 -0.552 0.834) (0.0 -0.834 -0.552) (0.0 -0.577 0.817) (0.0 -0.817 -0.577) (0.0 -0.622 0.783) (0.0 -0.783 -0.622) (0.036 0.999 0.0) (0.999 -0.036 0.0) (0.075 0.997 0.0) (0.997 -0.075 0.0) (0.115 0.993 0.0) (0.993 -0.115 0.0) (0.156 0.988 0.0) (0.988 -0.156 0.0) (0.195 0.981 0.0) (0.981 -0.195 0.0) (0.232 0.973 0.0) (0.973 -0.232 0.0) (0.267 0.964 0.0) (0.964 -0.267 0.0) (0.297 0.955 0.0) (0.955 -0.297 0.0) (0.322 0.947 0.0) (0.947 -0.322 0.0) (0.358 0.934 0.0) (0.934 -0.358 0.0) (0.373 0.928 0.0) (0.928 -0.373 0.0) (0.386 0.922 0.0) (0.922 -0.386 0.0) (0.397 0.918 0.0) (0.918 -0.397 0.0) (0.403 0.915 0.0) (0.915 -0.403 0.0) (0.404 0.915 0.0) (0.4 0.917 0.0) (0.917 -0.4 0.0) (0.37 0.929 0.0) (0.929 -0.37 0.0) (0.3 0.954 0.0) (0.241 0.971 0.0) (0.168 0.986 0.0) (0.086 0.996 0.0) (-0.086 0.996 0.0) (0.996 0.086 0.0) (-0.168 0.986 0.0) (0.986 0.168 0.0) (-0.241 0.971 0.0) (0.971 0.241 0.0) (-0.3 0.954 0.0) (0.954 0.3 0.0) (-0.342 0.94 0.0) (0.94 0.342 0.0) (-0.369 0.929 0.0) (0.929 0.369 0.0) (-0.386 0.922 0.0) (0.922 0.386 0.0) (-0.395 0.919 0.0) (0.919 0.395 0.0) (-0.397 0.918 0.0) (0.918 0.397 0.0) (-0.393 0.92 0.0) (0.92 0.393 0.0) (-0.385 0.923 0.0) (0.923 0.385 0.0) (-0.375 0.927 0.0) (0.927 0.375 0.0) (-0.363 0.932 0.0) (0.932 0.363 0.0) (-0.352 0.936 0.0) (0.936 0.352 0.0) (-0.333 0.943 0.0) (0.943 0.333 0.0) (-0.322 0.947 0.0) (0.947 0.322 0.0) (-0.31 0.951 0.0) (0.951 0.31 0.0) (-0.297 0.955 0.0) (0.955 0.297 0.0) (-0.282 0.959 0.0) (0.959 0.282 0.0) (-0.267 0.964 0.0) (0.964 0.267 0.0) (-0.25 0.968 0.0) (0.968 0.25 0.0) (-0.232 0.973 0.0) (0.973 0.232 0.0) (-0.214 0.977 0.0) (0.977 0.214 0.0) (-0.195 0.981 0.0) (0.981 0.195 0.0) (-0.176 0.984 0.0) (0.984 0.176 0.0) (-0.156 0.988 0.0) (0.988 0.156 0.0) (-0.136 0.991 0.0) (0.991 0.136 0.0) (-0.115 0.993 0.0) (0.993 0.115 0.0) (-0.095 0.995 0.0) (0.995 0.095 0.0) (-0.075 0.997 0.0) (0.997 0.075 0.0) (-0.056 0.998 0.0) (0.998 0.056 0.0) (-0.036 0.999 0.0) (0.999 0.036 0.0) (-0.018 1.0 0.0) (1.0 0.018 0.0) (0.0 0.13 0.0) (0.996 0.0 -0.091) (-0.002 1.0 -0.018) (0.091 0.018 0.996) (0.982 0.0 -0.187) (-0.007 0.999 -0.037) (0.187 0.038 0.982) (0.958 0.0 -0.285) (-0.016 0.998 -0.055) (0.285 0.058 0.957) (0.925 0.0 -0.381) (-0.03 0.997 -0.072) (0.38 0.078 0.922) (0.882 0.0 -0.471) (-0.046 0.995 -0.086) (0.469 0.098 0.878) (0.833 0.0 -0.553) (-0.065 0.993 -0.097) (0.55 0.117 0.827) (0.781 0.0 -0.625) (-0.084 0.991 -0.105) (0.619 0.135 0.774) (0.729 0.0 -0.685) (-0.103 0.989 -0.11) (0.677 0.15 0.721) (0.682 0.0 -0.732) (-0.12 0.987 -0.111) (0.722 0.163 0.673) (0.643 0.0 -0.766) (-0.133 0.985 -0.112) (0.754 0.174 0.633) (0.609 -0.002 -0.793) (-0.141 0.984 -0.11) (0.78 0.179 0.599) (0.577 -0.005 -0.817) (-0.143 0.984 -0.108) (0.804 0.179 0.567) (0.549 -0.011 -0.836) (-0.141 0.984 -0.105) (0.824 0.175 0.539) (0.526 -0.017 -0.85) (-0.136 0.985 -0.103) (0.839 0.17 0.516) (0.512 -0.022 -0.859) (-0.129 0.986 -0.102) (0.849 0.163 0.503) (0.509 -0.025 -0.86) (-0.123 0.987 -0.101) (0.852 0.157 0.5) (0.519 -0.025 -0.854) (-0.118 0.988 -0.101) (0.846 0.154 0.51) (0.544 -0.022 -0.838) (-0.118 0.988 -0.102) (0.83 0.154 0.535) (0.586 -0.014 -0.81) (-0.122 0.987 -0.105) (0.801 0.16 0.576) (0.721 0.022 -0.693) (-0.151 0.98 -0.126) (0.676 0.196 0.71) (0.813 0.052 -0.58) (-0.172 0.973 -0.155) (0.556 0.226 0.8) (0.899 0.087 -0.43) (-0.189 0.961 -0.201) (0.396 0.262 0.88) (0.96 0.125 -0.251) (-0.192 0.945 -0.263) (0.205 0.301 0.931) (0.985 0.163 -0.059) (-0.174 0.925 -0.337) (0.0 0.342 0.94) (0.971 0.2 0.129) (-0.131 0.902 -0.411) (-0.198 0.382 0.902) (0.926 0.232 0.298) (-0.067 0.877 -0.475) (-0.372 0.42 0.828) (0.861 0.26 0.437) (0.008 0.853 -0.523) (-0.509 0.453 0.732) (0.792 0.281 0.541) (0.081 0.831 -0.551) (-0.605 0.481 0.635) (0.735 0.296 0.61) (0.14 0.814 -0.564) (-0.663 0.5 0.557) (0.695 0.306 0.651) (0.18 0.802 -0.569) (-0.696 0.513 0.503) (0.67 0.312 0.674) (0.207 0.793 -0.572) (-0.713 0.523 0.467) (0.657 0.315 0.685) (0.221 0.788 -0.575) (-0.721 0.529 0.448) (0.655 0.316 0.686) (0.225 0.785 -0.577) (-0.721 0.532 0.444) (0.662 0.315 0.68) (0.22 0.785 -0.579) (-0.716 0.533 0.451) (0.675 0.313 0.668) (0.208 0.788 -0.58) (-0.708 0.531 0.467) (0.691 0.31 0.653) (0.192 0.792 -0.579) (-0.697 0.526 0.488) (0.708 0.306 0.636) (0.174 0.798 -0.577) (-0.684 0.519 0.512) (0.723 0.301 0.621) (0.156 0.805 -0.572) (-0.673 0.511 0.536) (0.745 0.291 0.6) (0.125 0.823 -0.554) (-0.655 0.488 0.577) (0.757 0.284 0.589) (0.108 0.834 -0.541) (-0.645 0.473 0.601) (0.77 0.276 0.575) (0.089 0.846 -0.526) (-0.632 0.456 0.627) (0.785 0.267 0.559) (0.069 0.859 -0.508) (-0.616 0.437 0.656) (0.801 0.257 0.541) (0.049 0.872 -0.487) (-0.597 0.416 0.686) (0.818 0.245 0.52) (0.029 0.886 -0.463) (-0.574 0.394 0.718) (0.836 0.232 0.497) (0.01 0.9 -0.437) (-0.549 0.37 0.75) (0.854 0.218 0.472) (-0.008 0.913 -0.408) (-0.519 0.345 0.782) (0.873 0.203 0.443) (-0.024 0.926 -0.376) (-0.487 0.318 0.813) (0.892 0.187 0.412) (-0.038 0.939 -0.343) (-0.451 0.29 0.844) (0.91 0.169 0.379) (-0.049 0.95 -0.308) (-0.412 0.262 0.873) (0.927 0.151 0.343) (-0.057 0.961 -0.272) (-0.371 0.232 0.899) (0.943 0.133 0.305) (-0.061 0.97 -0.235) (-0.327 0.203 0.923) (0.958 0.114 0.264) (-0.062 0.978 -0.197) (-0.281 0.173 0.944) (0.97 0.094 0.222) (-0.059 0.985 -0.161) (-0.234 0.143 0.962) (0.981 0.075 0.178) (-0.053 0.991 -0.125) (-0.186 0.113 0.976) (0.989 0.055 0.134) (-0.044 0.995 -0.09) (-0.138 0.083 0.987) (0.995 0.036 0.089) (-0.031 0.998 -0.058) (-0.091 0.055 0.994) (0.999 0.018 0.044) (-0.017 0.999 -0.028) (-0.045 0.027 0.999) (0.0 0.985 -0.174) (0.0 0.174 0.985) (0.0 0.596 0.0) (0.996 0.0 0.091) (0.016 0.985 -0.173) (-0.09 0.174 0.981) (0.982 0.0 0.187) (0.033 0.985 -0.171) (-0.185 0.174 0.967) (0.958 0.0 0.285) (0.05 0.985 -0.166) (-0.281 0.174 0.944) (0.925 0.0 0.381) (0.066 0.985 -0.161) (-0.375 0.174 0.911) (0.882 0.0 0.471) (0.082 0.985 -0.153) (-0.464 0.174 0.869) (0.833 0.0 0.553) (0.096 0.985 -0.145) (-0.545 0.174 0.82) (0.781 0.0 0.625) (0.109 0.985 -0.136) (-0.615 0.174 0.769) (0.729 0.0 0.685) (0.119 0.985 -0.127) (-0.674 0.174 0.718) (0.682 0.0 0.732) (0.127 0.985 -0.118) (-0.721 0.174 0.671) (0.643 0.0 0.766) (0.133 0.985 -0.112) (-0.754 0.174 0.633) (0.609 -0.002 0.793) (0.141 0.984 -0.106) (-0.781 0.176 0.6) (0.576 -0.005 0.818) (0.152 0.983 -0.1) (-0.804 0.182 0.567) (0.545 -0.011 0.838) (0.165 0.982 -0.095) (-0.822 0.19 0.537) (0.521 -0.016 0.853) (0.178 0.98 -0.09) (-0.835 0.198 0.514) (0.505 -0.021 0.863) (0.188 0.978 -0.086) (-0.842 0.206 0.499) (0.501 -0.025 0.865) (0.194 0.977 -0.085) (-0.843 0.211 0.495) (0.511 -0.025 0.859) (0.194 0.977 -0.087) (-0.837 0.211 0.504) (0.538 -0.022 0.843) (0.186 0.978 -0.093) (-0.822 0.207 0.53) (0.582 -0.014 0.813) (0.166 0.981 -0.102) (-0.796 0.194 0.573) (0.726 0.022 0.687) (0.081 0.99 -0.117) (-0.683 0.141 0.717) (0.823 0.053 0.566) (0.01 0.994 -0.108) (-0.568 0.095 0.817) (0.91 0.09 0.405) (-0.066 0.995 -0.073) (-0.41 0.039 0.911) (0.968 0.131 0.216) (-0.133 0.991 -0.006) (-0.215 -0.022 0.976) (0.985 0.173 0.015) (-0.174 0.981 0.086) (0.0 -0.087 0.996) (0.961 0.214 -0.178) (-0.179 0.965 0.191) (0.212 -0.152 0.965) (0.904 0.25 -0.347) (-0.149 0.945 0.292) (0.401 -0.212 0.891) (0.83 0.281 -0.482) (-0.094 0.922 0.376) (0.55 -0.266 0.792) (0.755 0.305 -0.581) (-0.03 0.9 0.434) (0.656 -0.31 0.688) (0.694 0.321 -0.645) (0.026 0.883 0.469) (0.72 -0.342 0.604) (0.652 0.332 -0.682) (0.067 0.871 0.487) (0.755 -0.363 0.546) (0.625 0.339 -0.703) (0.094 0.862 0.498) (0.775 -0.377 0.507) (0.612 0.342 -0.713) (0.108 0.857 0.504) (0.784 -0.386 0.487) (0.61 0.344 -0.714) (0.112 0.855 0.507) (0.785 -0.389 0.483) (0.617 0.343 -0.708) (0.106 0.855 0.507) (0.78 -0.388 0.491) (0.63 0.341 -0.698) (0.094 0.858 0.504) (0.771 -0.383 0.509) (0.646 0.338 -0.684) (0.077 0.863 0.499) (0.759 -0.375 0.532) (0.664 0.333 -0.669) (0.059 0.869 0.491) (0.745 -0.366 0.558) (0.681 0.327 -0.655) (0.041 0.876 0.481) (0.731 -0.354 0.583) (0.705 0.315 -0.635) (0.012 0.891 0.455) (0.709 -0.328 0.624) (0.719 0.306 -0.624) (-0.003 0.899 0.438) (0.695 -0.313 0.648) (0.735 0.297 -0.61) (-0.02 0.908 0.418) (0.678 -0.294 0.673) (0.752 0.286 -0.594) (-0.037 0.918 0.394) (0.658 -0.274 0.701) (0.771 0.273 -0.576) (-0.054 0.928 0.368) (0.635 -0.252 0.73) (0.79 0.26 -0.555) (-0.071 0.938 0.339) (0.608 -0.228 0.76) (0.811 0.245 -0.531) (-0.086 0.948 0.306) (0.578 -0.203 0.79) (0.833 0.229 -0.504) (-0.099 0.957 0.272) (0.545 -0.176 0.82) (0.854 0.212 -0.474) (-0.109 0.966 0.234) (0.508 -0.149 0.849) (0.876 0.194 -0.442) (-0.117 0.974 0.196) (0.468 -0.12 0.876) (0.897 0.175 -0.406) (-0.121 0.98 0.155) (0.425 -0.09 0.901) (0.917 0.155 -0.368) (-0.121 0.986 0.114) (0.38 -0.06 0.923) (0.935 0.136 -0.327) (-0.118 0.99 0.073) (0.334 -0.03 0.942) (0.952 0.115 -0.283) (-0.111 0.993 0.032) (0.285 0.001 0.958) (0.967 0.095 -0.238) (-0.1 0.995 -0.008) (0.236 0.031 0.971) (0.979 0.075 -0.191) (-0.085 0.995 -0.046) (0.187 0.061 0.98) (0.988 0.055 -0.144) (-0.068 0.994 -0.082) (0.138 0.091 0.986) (0.995 0.036 -0.095) (-0.047 0.992 -0.116) (0.09 0.12 0.989) (0.999 0.018 -0.047) (-0.024 0.989 -0.146) (0.044 0.147 0.988) (0.0 0.315 0.0) (0.0 0.47 0.0) (0.0 0.3 0.0) (-1.0 0.0 0.0) (-0.5 0.0 0.866) (0.557 -0.766 0.321) (0.663 0.643 0.383) (0.279 0.394 -0.035) (-0.352 0.0 0.936) (0.602 -0.766 0.226) (0.717 0.643 0.269) (-0.183 0.0 0.983) (0.632 -0.766 0.118) (0.753 0.643 0.14) (-0.003 0.0 1.0) (0.643 -0.766 0.002) (0.766 0.643 0.002) (0.179 0.0 0.984) (0.632 -0.766 -0.115) (0.754 0.643 -0.137) (0.352 0.0 0.936) (0.602 -0.766 -0.226) (0.717 0.643 -0.27) (0.507 0.0 0.862) (0.554 -0.766 -0.326) (0.66 0.643 -0.389) (0.638 0.0 0.77) (0.495 -0.766 -0.41) (0.59 0.643 -0.488) (0.74 0.0 0.672) (0.432 -0.766 -0.476) (0.515 0.643 -0.567) (0.816 0.0 0.579) (0.372 -0.766 -0.524) (0.443 0.643 -0.625) (0.866 0.0 0.5) (0.321 -0.766 -0.557) (0.383 0.643 -0.663) (0.898 0.0 0.44) (0.282 -0.767 -0.576) (0.337 0.642 -0.689) (0.919 0.0 0.395) (0.252 -0.77 -0.587) (0.304 0.638 -0.707) (0.93 0.0 0.366) (0.232 -0.773 -0.59) (0.283 0.634 -0.719) (0.936 0.0 0.352) (0.222 -0.777 -0.589) (0.274 0.63 -0.727) (0.22 -0.78 -0.586) (0.275 0.626 -0.73) (0.931 0.0 0.364) (0.227 -0.782 -0.581) (0.285 0.623 -0.728) (0.922 0.0 0.387) (0.241 -0.782 -0.574) (0.303 0.623 -0.721) (0.908 0.0 0.418) (0.262 -0.78 -0.568) (0.326 0.626 -0.709) (0.89 0.0 0.457) (0.288 -0.775 -0.562) (0.354 0.632 -0.69) (0.831 0.0 0.557) (0.367 -0.751 -0.548) (0.418 0.66 -0.624) (0.776 0.0 0.631) (0.431 -0.731 -0.53) (0.461 0.683 -0.567) (0.701 0.0 0.713) (0.506 -0.705 -0.497) (0.503 0.709 -0.494) (0.608 0.0 0.794) (0.586 -0.675 -0.448) (0.536 0.738 -0.411) (0.5 0.0 0.866) (0.663 -0.643 -0.383) (0.557 0.766 -0.321) (0.384 0.0 0.923) (0.732 -0.609 -0.304) (0.562 0.793 -0.234) (0.267 0.0 0.964) (0.788 -0.576 -0.218) (0.555 0.818 -0.154) (0.159 0.0 0.987) (0.828 -0.545 -0.133) (0.538 0.838 -0.086) (0.067 0.0 0.998) (0.853 -0.519 -0.057) (0.518 0.855 -0.035) (0.866 -0.5 0.0) (0.5 0.866 0.0) (-0.041 0.0 0.999) (0.873 -0.487 0.036) (0.487 0.873 0.02) (-0.063 0.0 0.998) (0.877 -0.478 0.055) (0.477 0.878 0.03) (-0.069 0.0 0.998) (0.879 -0.473 0.061) (0.472 0.881 0.032) (0.881 -0.471 0.055) (0.47 0.882 0.03) (-0.049 0.0 0.999) (0.881 -0.471 0.043) (0.471 0.882 0.023) (-0.031 0.0 1.0) (0.88 -0.474 0.028) (0.474 0.88 0.015) (-0.014 0.0 1.0) (0.878 -0.479 0.012) (0.479 0.878 0.007) (0.874 -0.485 0.0) (0.485 0.874 0.0) (0.006 0.0 1.0) (0.87 -0.492 -0.005) (0.492 0.87 -0.003) (0.861 -0.508 0.012) (0.508 0.861 0.007) (0.855 -0.518 0.027) (0.518 0.855 0.016) (-0.05 0.0 0.999) (0.848 -0.529 0.043) (0.528 0.849 0.027) (-0.071 0.0 0.997) (0.839 -0.541 0.06) (0.539 0.841 0.038) (-0.094 0.0 0.996) (0.829 -0.553 0.078) (0.551 0.833 0.052) (-0.118 0.0 0.993) (0.818 -0.567 0.097) (0.563 0.824 0.067) (-0.144 0.0 0.99) (0.805 -0.581 0.117) (0.575 0.814 0.084) (-0.171 0.0 0.985) (0.791 -0.596 0.137) (0.587 0.803 0.102) (-0.199 0.0 0.98) (0.776 -0.611 0.157) (0.599 0.792 0.121) (-0.227 0.0 0.974) (0.76 -0.626 0.177) (0.61 0.78 0.142) (-0.256 0.0 0.967) (0.742 -0.641 0.196) (0.62 0.767 0.164) (-0.285 0.0 0.959) (0.723 -0.657 0.215) (0.629 0.754 0.187) (-0.314 0.0 0.949) (0.703 -0.672 0.233) (0.638 0.741 0.211) (-0.343 0.0 0.939) (0.683 -0.687 0.249) (0.645 0.727 0.235) (-0.371 0.0 0.929) (0.662 -0.701 0.265) (0.651 0.713 0.26) (-0.399 0.0 0.917) (0.641 -0.715 0.279) (0.656 0.699 0.286) (-0.426 0.0 0.905) (0.619 -0.729 0.292) (0.66 0.684 0.311) (-0.452 0.0 0.892) (0.598 -0.742 0.303) (0.662 0.67 0.335) (-0.477 0.0 0.879) (0.577 -0.754 0.313) (0.663 0.656 0.36) (-0.184 0.983 -0.011) (-0.001 0.011 1.0) (0.0 0.316 0.0) (0.946 0.324 -0.002) (-0.324 0.946 -0.01) (-0.001 0.01 1.0) (0.885 0.465 -0.003) (-0.465 0.885 -0.008) (-0.001 0.009 1.0) (0.8 0.601 -0.004) (-0.601 0.8 -0.007) (-0.001 0.008 1.0) (0.693 0.721 -0.004) (-0.721 0.693 -0.005) (-0.001 0.006 1.0) (0.57 0.822 -0.004) (-0.822 0.57 -0.003) (-0.001 0.005 1.0) (0.439 0.898 -0.003) (-0.898 0.439 -0.002) (0.0 0.004 1.0) (0.309 0.951 -0.002) (-0.951 0.309 -0.001) (0.0 0.003 1.0) (0.187 0.982 -0.001) (-0.982 0.187 0.0) (0.0 0.002 1.0) (0.082 0.997 -0.001) (-0.997 0.082 0.0) (0.0 0.001 1.0) (-0.998 -0.056 0.0) (-0.089 0.996 0.001) (-0.996 -0.089 0.0) (0.0 -0.001 1.0) (-0.102 0.995 0.001) (-0.995 -0.102 0.0) (-0.1 0.995 0.001) (-0.995 -0.1 0.0) (-0.087 0.996 0.001) (-0.996 -0.087 0.0) (-0.066 0.998 0.001) (-0.998 -0.066 0.0) (-0.044 0.999 0.0) (-0.999 -0.044 0.0) (-0.022 1.0 0.0) (-1.0 -0.022 0.0) (-0.006 1.0 0.0) (-1.0 -0.006 0.0) (-0.003 1.0 0.0) (-1.0 -0.003 0.0) (-0.011 1.0 0.0) (-1.0 -0.011 0.0) (-0.033 0.999 0.0) (-0.999 -0.033 0.0) (-0.043 0.999 0.0) (-0.999 -0.043 0.0) (-0.05 0.999 0.0) (-0.999 -0.05 0.0) (-0.051 0.999 0.0) (-0.999 -0.051 0.0) (-0.028 1.0 0.0) (-1.0 -0.028 0.0) (0.038 0.999 0.0) (-0.999 0.038 0.0) (0.132 0.991 -0.001) (-0.991 0.132 0.0) (0.246 0.969 -0.002) (-0.969 0.246 -0.001) (0.373 0.928 -0.003) (-0.928 0.373 -0.001) (0.505 0.863 -0.003) (-0.863 0.505 -0.003) (0.633 0.774 -0.004) (-0.774 0.633 -0.004) (0.748 0.663 -0.004) (-0.663 0.748 -0.006) (-0.001 0.007 1.0) (0.845 0.534 -0.004) (-0.534 0.845 -0.007) (0.919 0.395 -0.003) (-0.395 0.919 -0.009) (0.967 0.253 -0.002) (-0.253 0.967 -0.011) (0.0 0.469 0.0) (-0.557 -0.766 0.321) (-0.279 0.394 -0.035) (0.402 0.0 0.915) (-0.588 -0.766 0.259) (0.701 -0.643 -0.308) (0.293 0.0 0.956) (-0.615 -0.766 0.188) (0.732 -0.643 -0.224) (0.176 0.0 0.984) (-0.633 -0.766 0.113) (0.754 -0.643 -0.134) (0.054 0.0 0.999) (-0.642 -0.766 0.035) (0.765 -0.643 -0.042) (-0.065 0.0 0.998) (-0.641 -0.766 -0.042) (0.764 -0.643 0.05) (-0.179 0.0 0.984) (-0.632 -0.766 -0.115) (0.754 -0.643 0.137) (-0.283 0.0 0.959) (-0.617 -0.766 -0.182) (0.735 -0.643 0.216) (-0.372 0.0 0.928) (-0.597 -0.766 -0.239) (0.711 -0.643 0.285) (-0.445 0.0 0.895) (-0.576 -0.766 -0.286) (0.686 -0.643 0.341) (-0.557 -0.766 -0.321) (0.663 -0.643 0.383) (-0.536 0.0 0.844) (-0.538 -0.77 -0.342) (0.65 -0.638 0.413) (-0.557 0.0 0.831) (-0.52 -0.78 -0.348) (0.648 -0.626 0.434) (-0.565 0.0 0.825) (-0.502 -0.794 -0.344) (0.655 -0.608 0.448) (-0.564 0.0 0.826) (-0.487 -0.807 -0.333) (0.667 -0.59 0.455) (-0.556 0.0 0.831) (-0.477 -0.819 -0.319) (0.681 -0.574 0.455) (-0.543 0.0 0.84) (-0.473 -0.827 -0.305) (0.694 -0.563 0.449) (-0.528 0.0 0.849) (-0.476 -0.828 -0.296) (0.703 -0.561 0.437) (-0.514 0.0 0.858) (-0.49 -0.82 -0.294) (0.703 -0.572 0.422) (-0.504 0.0 0.864) (-0.517 -0.801 -0.302) (0.692 -0.598 0.404) (-0.614 -0.706 -0.354) (0.611 -0.709 0.353) (-0.684 -0.613 -0.395) (0.531 -0.79 0.307) (-0.755 -0.49 -0.436) (0.425 -0.872 0.245) (-0.814 -0.341 -0.47) (0.295 -0.94 0.17) (-0.853 -0.174 -0.492) (0.15 -0.985 0.087) (-0.866 -0.001 -0.5) (0.001 -1.0 0.001) (-0.854 0.163 -0.493) (-0.141 -0.987 -0.081) (-0.824 0.306 -0.476) (-0.265 -0.952 -0.153) (-0.786 0.421 -0.454) (-0.364 -0.907 -0.21) (-0.75 0.5 -0.433) (-0.433 -0.866 -0.25) (-0.502 0.0 0.865) (-0.722 0.551 -0.419) (-0.476 -0.835 -0.277) (-0.507 0.0 0.862) (-0.699 0.584 -0.412) (-0.504 -0.811 -0.296) (-0.684 0.604 -0.41) (-0.518 -0.797 -0.31) (-0.522 0.0 0.853) (-0.675 0.611 -0.413) (-0.522 -0.791 -0.319) (-0.674 0.609 -0.419) (-0.517 -0.793 -0.321) (-0.532 0.0 0.847) (-0.679 0.598 -0.427) (-0.506 -0.802 -0.318) (-0.533 0.0 0.846) (-0.689 0.58 -0.434) (-0.491 -0.815 -0.309) (-0.529 0.0 0.849) (-0.705 0.557 -0.439) (-0.473 -0.831 -0.294) (-0.518 0.0 0.855) (-0.725 0.53 -0.44) (-0.453 -0.848 -0.274) (-0.475 0.0 0.88) (-0.778 0.466 -0.42) (-0.411 -0.885 -0.222) (-0.81 0.426 -0.403) (-0.382 -0.90