((:name . "Armature|riding_boat") (:length . 1.208333) (:bones . (("Lokot_P_end" . ((0 (0 12 1 35)))) ("Golova_end" . ((0 (0 12 1 22)))) ("Lokot_L_end" . ((0 (0 12 1 35)))) ("Tors" . ((0 (0 12 1 20)))) ("Lokot_P" . ((0 (40 41 42 34)))) ("Lokot_L" . ((0 (31 32 33 34)))) ("Kluchitsa_P_end" . ((0 (0 12 1 24)))) ("Koleno_P_end" . ((0 (0 12 1 13)))) ("Bedro_L" . ((0 (4 5 6 7)))) ("Weapon" . ((0 (43 44 45 3)))) ("Koleno_L_end" . ((0 (0 12 1 13)))) ("Koleno_P" . ((0 (17 18 19 11)))) ("Bedro_P" . ((0 (4 14 15 16)))) ("Golova" . ((0 (0 12 1 21)))) ("Luchnik" . ((0 (43 44 45 45)))) ("Kluchitsa_L_end" . ((0 (0 12 1 24)))) ("Ruka_P" . ((0 (36 37 38 39)))) ("Skelet" . ((0 (0 1 2 3)))) ("Kolchan" . ((0 (46 47 48 49)))) ("Kluchitsa_L" . ((0 (1 0 12 23)))) ("Ruka_L" . ((0 (27 28 29 30)))) ("Cylinder" . ((0 (50 51 52 53)))) ("Koleno_L" . ((0 (8 9 10 11)))) ("Kluchitsa_P" . ((0 (25 26 12 23)))))) (:resources . ((1.0 0.0 0.0) (0.0 0.0 1.0) (0.0 -1.0 0.0) (0.0 0.0 0.0) (0.002 -0.074 0.997) (0.027 -0.997 -0.074) (1.0 0.027 0.0) (0.123 -0.038 0.0) (-0.99 0.142 -0.001) (0.142 0.99 -0.011) (-0.001 -0.011 -1.0) (0.0 0.532 0.0) (0.0 1.0 0.0) (0.0 0.578 0.0) (-0.027 -0.997 -0.074) (1.0 -0.027 -0.004) (-0.123 -0.038 0.0) (-0.99 0.142 0.007) (0.142 0.99 0.011) (-0.005 0.012 -1.0) (0.0 0.13 0.0) (0.0 0.596 0.0) (0.0 0.315 0.0) (0.0 0.47 0.0) (0.0 0.3 0.0) (0.0 0.0 -1.0) (-1.0 0.0 0.0) (-0.061 -0.751 0.658) (0.092 -0.66 -0.745) (0.994 0.016 0.109) (0.279 0.394 -0.035) (0.423 0.897 -0.128) (-0.892 0.387 -0.234) (-0.16 0.213 0.964) (0.0 0.316 0.0) (0.0 0.469 0.0) (-0.049 -0.745 0.666) (-0.092 -0.66 -0.745) (0.995 -0.098 -0.036) (-0.279 0.394 -0.035) (0.409 0.879 0.244) (-0.912 0.387 0.134) (0.024 -0.277 0.96) (100.0 0.0 0.0) (0.0 0.0 -100.0) (0.0 100.0 0.0) (0.083 -0.028 0.049) (0.011 0.084 0.03) (-0.165 -0.063 0.243) (-0.032 -0.211 1.687) (0.116 0.0 0.084) (0.015 -0.141 -0.02) (0.082 0.025 -0.114) (-0.194 -0.268 1.827))))