((:name . "walk_crowd") (:length . 1.666667) (:bones . (("Lokot_P_end" . ((0 (0 306 1 990)))) ("Golova_end" . ((0 (0 306 1 744)))) ("Lokot_L_end" . ((0 (0 306 1 990)))) ("Tors" . ((0 (0 306 1 516)) (0.04166667 (517 518 519 516)) (0.08333334 (520 521 522 516)) (0.125 (523 524 525 516)) (0.1666667 (526 527 528 516)) (0.2083333 (529 530 531 516)) (0.25 (532 533 534 516)) (0.2916667 (535 536 537 516)) (0.3333333 (538 539 540 516)) (0.375 (541 542 543 516)) (0.4166667 (544 545 546 516)) (0.4583333 (547 548 549 516)) (0.5 (550 551 552 516)) (0.5416667 (553 554 555 516)) (0.5833334 (556 557 558 516)) (0.625 (559 560 561 516)) (0.6666667 (562 563 564 516)) (0.7083334 (565 566 567 516)) (0.7500001 (568 569 570 516)) (0.7916667 (571 572 573 516)) (0.8333334 (0 306 1 516)) (0.8750001 (574 575 576 516)) (0.9166667 (577 578 579 516)) (0.9583334 (580 581 582 516)) (1 (583 584 585 516)) (1.041667 (586 587 588 516)) (1.083333 (589 590 591 516)) (1.125 (592 593 594 516)) (1.166667 (595 596 597 516)) (1.208333 (598 599 600 516)) (1.25 (601 602 603 516)) (1.291667 (604 605 606 516)) (1.333333 (607 608 609 516)) (1.375 (610 611 612 516)) (1.416667 (613 614 615 516)) (1.458333 (616 617 618 516)) (1.5 (619 620 621 516)) (1.541667 (622 623 624 516)) (1.583333 (625 626 627 516)) (1.625 (628 629 630 516)))) ("Lokot_P" . ((0 (1112 1113 1114 872)) (0.04166667 (1115 1116 1117 872)) (0.08333334 (1118 1119 1120 872)) (0.125 (1121 1122 1123 872)) (0.1666667 (1124 1125 1126 872)) (0.2083333 (1127 1128 1129 872)) (0.25 (1130 1131 1132 872)) (0.2916667 (1133 1134 1135 872)) (0.3333333 (1136 1137 1138 872)) (0.375 (1139 1140 1141 872)) (0.4166667 (1142 1143 1144 872)) (0.4583333 (1145 1146 1147 872)) (0.5 (1148 1149 1150 872)) (0.5416667 (1151 1152 1153 872)) (0.5833334 (1154 1155 1156 872)) (0.625 (1157 1158 1159 872)) (0.6666667 (1160 1161 1162 872)) (0.7083334 (1163 1164 1165 872)) (0.7500001 (1166 1167 1168 872)) (0.7916667 (1169 1170 1171 872)) (0.8333334 (1112 1113 1114 872)) (0.8750001 (1172 1173 1174 872)) (0.9166667 (1175 1176 1177 872)) (0.9583334 (1178 1179 1180 872)) (1 (1181 1182 1183 872)) (1.041667 (1184 1185 1186 872)) (1.083333 (1187 1188 1189 872)) (1.125 (1190 1191 1192 872)) (1.166667 (1193 1194 1195 872)) (1.208333 (1196 1197 1198 872)) (1.25 (1199 1200 1201 872)) (1.291667 (1202 1203 1204 872)) (1.333333 (1205 1206 1207 872)) (1.375 (1208 1209 1210 872)) (1.416667 (1211 1212 1213 872)) (1.458333 (1214 1215 1216 872)) (1.5 (1217 1218 1219 872)) (1.541667 (1220 1221 1222 872)) (1.583333 (1223 1224 1225 872)) (1.625 (1226 1227 1228 872)))) ("Lokot_L" . ((0 (869 870 871 872)) (0.04166667 (873 874 875 872)) (0.08333334 (876 877 878 872)) (0.125 (879 880 881 872)) (0.1666667 (882 883 884 872)) (0.2083333 (885 886 887 872)) (0.25 (888 889 890 872)) (0.2916667 (891 892 893 872)) (0.3333333 (894 895 896 872)) (0.375 (897 898 899 872)) (0.4166667 (900 901 902 872)) (0.4583333 (903 904 905 872)) (0.5 (906 907 908 872)) (0.5416667 (909 910 911 872)) (0.5833334 (912 913 914 872)) (0.625 (915 916 917 872)) (0.6666667 (918 919 920 872)) (0.7083334 (921 922 923 872)) (0.7500001 (924 925 926 872)) (0.7916667 (927 928 929 872)) (0.8333334 (930 931 932 872)) (0.8750001 (933 934 935 872)) (0.9166667 (936 937 938 872)) (0.9583334 (939 940 941 872)) (1 (942 943 944 872)) (1.041667 (945 946 947 872)) (1.083333 (948 949 950 872)) (1.125 (951 952 953 872)) (1.166667 (954 955 956 872)) (1.208333 (957 958 959 872)) (1.25 (960 961 962 872)) (1.291667 (963 964 965 872)) (1.333333 (966 967 968 872)) (1.375 (969 970 971 872)) (1.416667 (972 973 974 872)) (1.458333 (975 976 977 872)) (1.5 (978 979 980 872)) (1.541667 (981 982 983 872)) (1.583333 (984 985 986 872)) (1.625 (987 988 989 872)))) ("Kluchitsa_P_end" . ((0 (0 306 1 746)))) ("Koleno_P_end" . ((0 (0 306 1 307)))) ("Bedro_L" . ((0 (96 97 98 99)) (0.04166667 (100 101 102 99)) (0.08333334 (103 104 105 99)) (0.125 (106 107 108 99)) (0.1666667 (109 110 111 99)) (0.2083333 (112 113 114 99)) (0.25 (115 116 117 99)) (0.2916667 (118 119 120 99)) (0.3333333 (121 122 123 99)) (0.375 (124 125 126 99)) (0.4166667 (127 128 129 99)) (0.4583333 (130 131 132 99)) (0.5 (133 134 132 99)) (0.5416667 (135 136 137 99)) (0.5833334 (138 139 140 99)) (0.625 (141 142 143 99)) (0.6666667 (144 145 146 99)) (0.7083334 (147 148 149 99)) (0.7500001 (150 151 152 99)) (0.7916667 (153 154 155 99)) (0.8333334 (156 157 158 99)) (0.8750001 (159 160 161 99)) (0.9166667 (162 163 164 99)) (0.9583334 (165 166 167 99)) (1 (168 169 170 99)) (1.041667 (171 172 173 99)) (1.083333 (174 175 176 99)) (1.125 (177 178 179 99)) (1.166667 (180 181 182 99)) (1.208333 (183 184 185 99)) (1.25 (186 187 188 99)) (1.291667 (189 190 191 99)) (1.333333 (192 193 194 99)) (1.375 (195 196 197 99)) (1.416667 (198 199 200 99)) (1.458333 (201 202 203 99)) (1.5 (204 205 206 99)) (1.541667 (207 208 209 99)) (1.583333 (210 211 212 99)) (1.625 (213 214 215 99)))) ("Weapon" . ((0 (1229 1230 1231 3)))) ("Koleno_L_end" . ((0 (0 306 1 307)))) ("Koleno_P" . ((0 (429 430 431 219)) (0.04166667 (432 433 434 219)) (0.08333334 (435 436 437 219)) (0.125 (438 439 440 219)) (0.1666667 (441 442 443 219)) (0.2083333 (444 445 446 219)) (0.25 (447 448 449 219)) (0.2916667 (450 451 452 219)) (0.3333333 (453 454 455 219)) (0.375 (456 457 458 219)) (0.4166667 (459 460 458 219)) (0.4583333 (461 462 455 219)) (0.5 (463 464 455 219)) (0.5416667 (465 466 455 219)) (0.5833334 (467 468 469 219)) (0.625 (470 471 469 219)) (0.6666667 (472 473 474 219)) (0.7083334 (475 476 474 219)) (0.7500001 (477 478 474 219)) (0.7916667 (479 480 452 219)) (0.8333334 (481 482 452 219)) (0.8750001 (483 484 452 219)) (0.9166667 (483 484 485 219)) (0.9583334 (483 484 485 219)) (1 (216 484 485 219)) (1.041667 (216 484 486 219)) (1.083333 (216 484 487 219)) (1.125 (216 484 487 219)) (1.166667 (221 484 487 219)) (1.208333 (221 484 487 219)) (1.25 (488 489 490 219)) (1.291667 (282 491 490 219)) (1.333333 (492 493 494 219)) (1.375 (495 496 497 219)) (1.416667 (498 499 500 219)) (1.458333 (501 502 503 219)) (1.5 (504 505 506 219)) (1.541667 (507 508 509 219)) (1.583333 (510 511 512 219)) (1.625 (513 514 515 219)))) ("Bedro_P" . ((0 (308 309 310 311)) (0.04166667 (312 313 314 311)) (0.08333334 (315 316 317 311)) (0.125 (318 319 320 311)) (0.1666667 (321 322 323 311)) (0.2083333 (324 325 326 311)) (0.25 (327 328 329 311)) (0.2916667 (330 331 332 311)) (0.3333333 (333 334 335 311)) (0.375 (336 337 338 311)) (0.4166667 (339 340 341 311)) (0.4583333 (342 343 344 311)) (0.5 (345 346 347 311)) (0.5416667 (348 349 350 311)) (0.5833334 (351 352 353 311)) (0.625 (354 355 356 311)) (0.6666667 (357 358 359 311)) (0.7083334 (360 361 362 311)) (0.7500001 (363 364 365 311)) (0.7916667 (366 367 368 311)) (0.8333334 (369 370 371 311)) (0.8750001 (372 373 374 311)) (0.9166667 (375 376 377 311)) (0.9583334 (378 379 380 311)) (1 (381 382 383 311)) (1.041667 (384 385 386 311)) (1.083333 (387 388 389 311)) (1.125 (390 391 392 311)) (1.166667 (393 394 395 311)) (1.208333 (396 397 398 311)) (1.25 (399 400 401 311)) (1.291667 (402 403 404 311)) (1.333333 (405 406 407 311)) (1.375 (408 409 410 311)) (1.416667 (411 412 413 311)) (1.458333 (414 415 416 311)) (1.5 (417 418 419 311)) (1.541667 (420 421 422 311)) (1.583333 (423 424 425 311)) (1.625 (426 427 428 311)))) ("Golova" . ((0 (0 306 1 631)) (0.04166667 (632 633 634 631)) (0.08333334 (635 636 637 631)) (0.125 (638 639 640 631)) (0.1666667 (641 642 643 631)) (0.2083333 (644 645 646 631)) (0.25 (647 648 649 631)) (0.2916667 (650 651 652 631)) (0.3333333 (653 654 655 631)) (0.375 (656 657 658 631)) (0.4166667 (659 660 661 631)) (0.4583333 (662 660 663 631)) (0.5 (664 665 666 631)) (0.5416667 (667 668 669 631)) (0.5833334 (670 671 672 631)) (0.625 (673 674 675 631)) (0.6666667 (676 677 678 631)) (0.7083334 (679 680 681 631)) (0.7500001 (682 683 684 631)) (0.7916667 (685 686 687 631)) (0.8333334 (0 306 1 631)) (0.8750001 (688 689 58 631)) (0.9166667 (690 691 692 631)) (0.9583334 (693 694 695 631)) (1 (696 697 698 631)) (1.041667 (699 700 701 631)) (1.083333 (702 703 704 631)) (1.125 (705 706 707 631)) (1.166667 (708 709 710 631)) (1.208333 (711 712 713 631)) (1.25 (714 715 716 631)) (1.291667 (717 718 719 631)) (1.333333 (720 721 722 631)) (1.375 (723 724 725 631)) (1.416667 (726 727 728 631)) (1.458333 (729 730 731 631)) (1.5 (732 733 734 631)) (1.541667 (735 736 737 631)) (1.583333 (738 739 740 631)) (1.625 (741 742 743 631)))) ("Luchnik" . ((0 (1229 1230 1231 1231)))) ("Kluchitsa_L_end" . ((0 (0 306 1 746)))) ("Ruka_P" . ((0 (991 992 993 994)) (0.04166667 (995 996 997 994)) (0.08333334 (998 999 1000 994)) (0.125 (1001 1002 1003 994)) (0.1666667 (1004 1005 1006 994)) (0.2083333 (1007 1008 1009 994)) (0.25 (1010 1011 1012 994)) (0.2916667 (1013 1014 1015 994)) (0.3333333 (1016 1017 1018 994)) (0.375 (1019 1020 1021 994)) (0.4166667 (1022 1023 1024 994)) (0.4583333 (1025 1026 1027 994)) (0.5 (1028 1029 1030 994)) (0.5416667 (1031 1032 1033 994)) (0.5833334 (1034 1035 1036 994)) (0.625 (1037 1038 1039 994)) (0.6666667 (1040 1041 1042 994)) (0.7083334 (1043 1044 1045 994)) (0.7500001 (1046 1047 1048 994)) (0.7916667 (1049 1050 1051 994)) (0.8333334 (1052 1053 1054 994)) (0.8750001 (1055 1056 1057 994)) (0.9166667 (1058 1059 1060 994)) (0.9583334 (1061 1062 1063 994)) (1 (1064 1065 1066 994)) (1.041667 (1067 1068 1069 994)) (1.083333 (1070 1071 1072 994)) (1.125 (1073 1074 1075 994)) (1.166667 (1076 1077 1078 994)) (1.208333 (1079 1080 1081 994)) (1.25 (1082 1083 1084 994)) (1.291667 (1085 1086 1087 994)) (1.333333 (1088 1089 1090 994)) (1.375 (1091 1092 1093 994)) (1.416667 (1094 1095 1096 994)) (1.458333 (1097 1098 1099 994)) (1.5 (1100 1101 1102 994)) (1.541667 (1103 1104 1105 994)) (1.583333 (1106 1107 1108 994)) (1.625 (1109 1110 1111 994)))) ("Skelet" . ((0 (0 1 2 3)) (0.04166667 (4 5 2 6)) (0.08333334 (7 8 2 9)) (0.125 (10 11 2 12)) (0.1666667 (13 14 2 15)) (0.2083333 (16 17 2 18)) (0.25 (19 20 2 21)) (0.2916667 (22 23 2 24)) (0.3333333 (25 26 2 27)) (0.375 (28 29 2 30)) (0.4166667 (31 32 2 33)) (0.4583333 (31 32 2 30)) (0.5 (28 29 2 27)) (0.5416667 (34 35 2 24)) (0.5833334 (36 37 2 21)) (0.625 (38 39 2 18)) (0.6666667 (40 41 2 15)) (0.7083334 (42 43 2 12)) (0.7500001 (44 45 2 9)) (0.7916667 (46 47 2 6)) (0.8333334 (0 1 2 3)) (0.8750001 (48 49 2 50)) (0.9166667 (51 52 2 53)) (0.9583334 (54 55 2 56)) (1 (57 58 2 18)) (1.041667 (59 60 2 61)) (1.083333 (62 63 2 64)) (1.125 (65 66 2 67)) (1.166667 (68 69 2 70)) (1.208333 (71 72 2 73)) (1.25 (74 75 2 76)) (1.291667 (77 78 2 73)) (1.333333 (79 80 2 70)) (1.375 (81 82 2 67)) (1.416667 (83 84 2 85)) (1.458333 (86 87 2 61)) (1.5 (88 89 2 18)) (1.541667 (90 91 2 56)) (1.583333 (92 93 2 53)) (1.625 (94 95 2 50)))) ("Kolchan" . ((0 (1232 1233 1234 1235)) (0.04166667 (1236 1237 1238 1239)) (0.08333334 (1240 1241 1242 1243)) (0.125 (1244 1245 1246 1247)) (0.1666667 (1248 1249 1250 1251)) (0.2083333 (1252 1253 1254 1255)) (0.25 (1256 1257 1258 1259)) (0.2916667 (1260 1261 1262 1263)) (0.3333333 (1264 1265 1266 1267)) (0.375 (1268 1269 1270 1271)) (0.4166667 (1272 1273 1274 1275)) (0.4583333 (1272 1273 1276 1277)) (0.5 (1278 1279 1280 1281)) (0.5416667 (1282 1283 1284 1285)) (0.5833334 (1286 1287 1288 1289)) (0.625 (1290 1291 1292 1293)) (0.6666667 (1294 1295 1296 1297)) (0.7083334 (1298 1299 1300 1301)) (0.7500001 (1302 1303 1304 1305)) (0.7916667 (1306 1307 1308 1309)) (0.8333334 (1232 1233 1310 1235)) (0.8750001 (1311 1312 1313 1314)) (0.9166667 (1315 1316 1317 1318)) (0.9583334 (1319 1320 1321 1322)) (1 (1323 1324 1325 1326)) (1.041667 (1327 1328 1329 1330)) (1.083333 (1331 1332 1333 1334)) (1.125 (1335 1336 1337 1338)) (1.166667 (1339 1340 1341 1342)) (1.208333 (1343 1344 1345 1346)) (1.25 (1343 1344 1347 1348)) (1.291667 (1349 1350 1351 1352)) (1.333333 (1335 1353 1354 1355)) (1.375 (1356 1357 1358 1359)) (1.416667 (1360 1361 1362 1363)) (1.458333 (1364 1365 1366 1367)) (1.5 (1368 1369 1370 1371)) (1.541667 (1372 1373 1374 1375)) (1.583333 (1376 1377 1378 1379)) (1.625 (1380 1381 1382 1383)))) ("Kluchitsa_L" . ((0 (1 0 306 745)))) ("Ruka_L" . ((0 (749 750 751 752)) (0.04166667 (753 754 755 752)) (0.08333334 (756 757 758 752)) (0.125 (759 760 761 752)) (0.1666667 (762 763 764 752)) (0.2083333 (765 766 767 752)) (0.25 (768 769 770 752)) (0.2916667 (771 772 773 752)) (0.3333333 (774 775 776 752)) (0.375 (777 778 779 752)) (0.4166667 (780 781 782 752)) (0.4583333 (783 784 785 752)) (0.5 (786 787 788 752)) (0.5416667 (789 790 791 752)) (0.5833334 (792 793 794 752)) (0.625 (795 796 797 752)) (0.6666667 (798 799 800 752)) (0.7083334 (801 802 803 752)) (0.7500001 (804 805 806 752)) (0.7916667 (807 808 809 752)) (0.8333334 (810 750 811 752)) (0.8750001 (812 813 814 752)) (0.9166667 (815 816 817 752)) (0.9583334 (818 819 820 752)) (1 (821 822 823 752)) (1.041667 (824 825 826 752)) (1.083333 (827 828 829 752)) (1.125 (830 831 832 752)) (1.166667 (833 834 835 752)) (1.208333 (836 837 838 752)) (1.25 (839 840 841 752)) (1.291667 (842 843 844 752)) (1.333333 (845 846 847 752)) (1.375 (848 849 850 752)) (1.416667 (851 852 853 752)) (1.458333 (854 855 856 752)) (1.5 (857 858 859 752)) (1.541667 (860 861 862 752)) (1.583333 (863 864 865 752)) (1.625 (866 867 868 752)))) ("Cylinder" . ((0 (1384 1385 1386 1387)) (0.04166667 (1388 1389 1390 1391)) (0.08333334 (1392 1393 1394 1395)) (0.125 (1396 1397 1398 1399)) (0.1666667 (1400 1401 1402 1403)) (0.2083333 (1404 1405 1406 1407)) (0.25 (1408 1409 1410 1411)) (0.2916667 (1412 1413 1414 1415)) (0.3333333 (1416 1417 1418 1419)) (0.375 (1420 1421 1422 1423)) (0.4166667 (1424 1425 1426 1427)) (0.4583333 (1424 1428 1422 1429)) (0.5 (1430 1431 1432 1433)) (0.5416667 (1434 1435 1436 1437)) (0.5833334 (1412 1438 1414 1439)) (0.625 (1440 1441 1442 1443)) (0.6666667 (1444 1445 1446 1447)) (0.7083334 (1448 1449 1450 1451)) (0.7500001 (1452 1453 1454 1455)) (0.7916667 (1456 1457 1458 1459)) (0.8333334 (1384 1385 1386 1387)) (0.8750001 (1460 1461 1462 1463)) (0.9166667 (1464 1465 1466 1467)) (0.9583334 (1468 1469 1470 1471)) (1 (1472 1473 1474 1475)) (1.041667 (1476 1477 1478 1479)) (1.083333 (1480 1481 1482 1483)) (1.125 (1484 1485 1486 1487)) (1.166667 (1488 1489 1490 1491)) (1.208333 (1492 1493 1494 1495)) (1.25 (1496 1493 1497 1498)) (1.291667 (1499 1500 1501 1502)) (1.333333 (1503 1504 1486 1505)) (1.375 (1506 1507 1508 1509)) (1.416667 (1510 1511 1512 1513)) (1.458333 (1514 1515 1516 1517)) (1.5 (1518 1519 1520 1521)) (1.541667 (1522 1523 1524 1525)) (1.583333 (1526 1527 1528 1529)) (1.625 (1530 1531 1532 1533)))) ("Koleno_L" . ((0 (216 217 218 219)) (0.04166667 (216 217 220 219)) (0.08333334 (221 217 220 219)) (0.125 (222 217 223 219)) (0.1666667 (222 217 224 219)) (0.2083333 (225 217 224 219)) (0.25 (226 217 227 219)) (0.2916667 (226 217 228 219)) (0.3333333 (229 217 228 219)) (0.375 (230 217 231 219)) (0.4166667 (232 233 234 219)) (0.4583333 (235 236 234 219)) (0.5 (237 238 239 219)) (0.5416667 (240 241 242 219)) (0.5833334 (243 244 245 219)) (0.625 (246 247 248 219)) (0.6666667 (249 250 251 219)) (0.7083334 (252 253 254 219)) (0.7500001 (255 256 257 219)) (0.7916667 (258 259 257 219)) (0.8333334 (260 261 262 219)) (0.8750001 (263 264 265 219)) (0.9166667 (266 267 268 219)) (0.9583334 (269 270 271 219)) (1 (272 273 248 219)) (1.041667 (274 275 276 219)) (1.083333 (277 278 279 219)) (1.125 (280 281 228 219)) (1.166667 (282 283 220 219)) (1.208333 (284 285 286 219)) (1.25 (287 288 286 219)) (1.291667 (289 288 286 219)) (1.333333 (290 291 218 219)) (1.375 (292 293 218 219)) (1.416667 (294 295 218 219)) (1.458333 (296 297 218 219)) (1.5 (298 299 218 219)) (1.541667 (300 301 218 219)) (1.583333 (302 303 218 219)) (1.625 (304 305 218 219)))) ("Kluchitsa_P" . ((0 (747 748 306 745)))))) (:resources . ((1.0 0.0 0.0) (0.0 0.0 1.0) (0.0 -1.0 0.0) (0.0 0.0 0.0) (1.0 0.0 0.007) (-0.007 0.0 1.0) (0.0 0.0 -0.002) (1.0 0.0 0.018) (-0.018 0.0 1.0) (0.0 0.0 -0.007) (0.999 0.0 0.034) (-0.034 0.0 0.999) (0.0 0.0 -0.015) (0.999 0.0 0.051) (-0.051 0.0 0.999) (0.0 0.0 -0.025) (0.998 0.0 0.07) (-0.07 0.0 0.998) (0.0 0.0 -0.036) (0.996 0.0 0.089) (-0.089 0.0 0.996) (0.0 0.0 -0.046) (0.994 0.0 0.106) (-0.106 0.0 0.994) (0.0 0.0 -0.056) (0.993 0.0 0.121) (-0.121 0.0 0.993) (0.0 0.0 -0.064) (0.991 0.0 0.131) (-0.131 0.0 0.991) (0.0 0.0 -0.07) (0.991 0.0 0.137) (-0.137 0.0 0.991) (0.0 0.0 -0.072) (0.993 0.0 0.122) (-0.122 0.0 0.993) (0.994 0.0 0.11) (-0.11 0.0 0.994) (0.995 0.0 0.096) (-0.096 0.0 0.995) (0.997 0.0 0.079) (-0.079 0.0 0.997) (0.998 0.0 0.061) (-0.061 0.0 0.998) (0.999 0.0 0.041) (-0.041 0.0 0.999) (1.0 0.0 0.021) (-0.021 0.0 1.0) (1.0 0.0 -0.02) (0.02 0.0 1.0) (0.0 0.0 -0.003) (0.999 0.0 -0.04) (0.04 0.0 0.999) (0.0 0.0 -0.011) (0.998 0.0 -0.06) (0.06 0.0 0.998) (0.0 0.0 -0.022) (0.997 0.0 -0.078) (0.078 0.0 0.997) (0.996 0.0 -0.094) (0.094 0.0 0.996) (0.0 0.0 -0.051) (0.994 0.0 -0.108) (0.108 0.0 0.994) (0.0 0.0 -0.066) (0.993 0.0 -0.119) (0.119 0.0 0.993) (0.0 0.0 -0.079) (0.992 0.0 -0.127) (0.127 0.0 0.992) (0.0 0.0 -0.091) (0.991 0.0 -0.131) (0.131 0.0 0.991) (0.0 0.0 -0.098) (0.991 0.0 -0.13) (0.13 0.0 0.991) (0.0 0.0 -0.101) (0.992 0.0 -0.126) (0.126 0.0 0.992) (0.993 0.0 -0.118) (0.118 0.0 0.993) (0.994 0.0 -0.105) (0.105 0.0 0.994) (0.996 0.0 -0.088) (0.088 0.0 0.996) (0.0 0.0 -0.065) (0.998 0.0 -0.069) (0.069 0.0 0.998) (0.999 0.0 -0.05) (0.05 0.0 0.999) (0.999 0.0 -0.033) (0.033 0.0 0.999) (1.0 0.0 -0.018) (0.018 0.0 1.0) (1.0 0.0 -0.007) (0.007 0.0 1.0) (0.001 -0.074 0.997) (0.01 -0.997 -0.074) (1.0 0.01 0.0) (0.123 -0.038 0.0) (0.002 -0.056 0.998) (0.005 -0.998 -0.056) (1.0 0.005 -0.002) (0.004 -0.025 1.0) (-0.005 -1.0 -0.025) (1.0 -0.005 -0.004) (0.007 0.019 1.0) (-0.018 -1.0 0.019) (1.0 -0.018 -0.007) (0.012 0.073 0.997) (-0.034 -0.997 0.073) (0.999 -0.035 -0.009) (0.018 0.134 0.991) (-0.051 -0.99 0.135) (0.999 -0.053 -0.011) (0.026 0.197 0.98) (-0.068 -0.978 0.198) (0.997 -0.071 -0.012) (0.034 0.254 0.967) (-0.082 -0.963 0.256) (0.996 -0.088 -0.012) (0.042 0.3 0.953) (-0.094 -0.949 0.302) (0.995 -0.102 -0.011) (0.047 0.329 0.943) (-0.102 -0.938 0.332) (0.994 -0.112 -0.01) (0.049 0.336 0.941) (-0.107 -0.935 0.339) (0.993 -0.117 -0.01) (0.046 0.308 0.95) (-0.109 -0.944 0.311) (0.993 -0.118 -0.009) (0.038 0.241 0.97) (-0.112 -0.963 0.244) (0.026 0.143 0.989) (-0.113 -0.983 0.145) (0.993 -0.115 -0.009) (0.011 0.022 1.0) (-0.11 -0.994 0.023) (0.994 -0.111 -0.009) (-0.004 -0.112 0.994) (-0.104 -0.988 -0.112) (0.995 -0.104 -0.007) (-0.019 -0.245 0.969) (-0.094 -0.965 -0.246) (0.995 -0.096 -0.005) (-0.031 -0.365 0.931) (-0.08 -0.927 -0.366) (0.996 -0.086 -0.001) (-0.038 -0.458 0.888) (-0.063 -0.886 -0.46) (0.997 -0.074 0.004) (-0.04 -0.517 0.855) (-0.045 -0.854 -0.519) (0.998 -0.059 0.011) (-0.037 -0.541 0.84) (-0.024 -0.84 -0.542) (0.999 -0.04 0.018) (-0.029 -0.542 0.84) (-0.002 -0.84 -0.542) (1.0 -0.018 0.024) (-0.019 -0.539 0.842) (0.021 -0.843 -0.538) (1.0 0.007 0.027) (-0.005 -0.538 0.843) (0.043 -0.842 -0.538) (0.999 0.034 0.028) (0.01 -0.538 0.843) (0.067 -0.841 -0.537) (0.998 0.061 0.028) (0.025 -0.537 0.843) (0.089 -0.839 -0.537) (0.996 0.088 0.027) (0.04 -0.534 0.844) (0.109 -0.838 -0.535) (0.993 0.114 0.025) (0.053 -0.53 0.846) (0.127 -0.837 -0.532) (0.99 0.136 0.023) (0.063 -0.523 0.85) (0.141 -0.838 -0.527) (0.988 0.153 0.021) (0.07 -0.514 0.855) (0.151 -0.842 -0.519) (0.986 0.165 0.018) (0.072 -0.502 0.862) (0.154 -0.848 -0.507) (0.985 0.169 0.016) (0.068 -0.481 0.874) (0.151 -0.861 -0.485) (0.986 0.165 0.014) (0.06 -0.445 0.894) (0.141 -0.882 -0.449) (0.988 0.153 0.01) (0.05 -0.398 0.916) (0.126 -0.907 -0.401) (0.991 0.136 0.005) (0.038 -0.343 0.939) (0.108 -0.932 -0.345) (0.993 0.114 0.001) (0.027 -0.283 0.959) (0.087 -0.955 -0.284) (0.996 0.091 -0.001) (0.018 -0.222 0.975) (0.065 -0.973 -0.223) (0.998 0.067 -0.003) (0.01 -0.167 0.986) (0.045 -0.985 -0.168) (0.999 0.046 -0.003) (0.006 -0.124 0.992) (0.029 -0.992 -0.124) (1.0 0.029 -0.002) (0.002 -0.093 0.996) (0.017 -0.996 -0.093) (1.0 0.017 -0.001) (-0.99 0.142 -0.001) (0.142 0.99 -0.011) (-0.001 -0.011 -1.0) (0.0 0.532 0.0) (0.0 -0.011 -1.0) (-0.99 0.142 -0.002) (-0.99 0.142 -0.003) (0.001 -0.012 -1.0) (0.002 -0.012 -1.0) (-0.99 0.142 -0.004) (-0.99 0.142 -0.005) (0.003 -0.012 -1.0) (0.004 -0.012 -1.0) (-0.99 0.142 -0.006) (-0.99 0.142 -0.007) (0.005 -0.012 -1.0) (-0.989 0.148 -0.007) (0.148 0.989 -0.011) (0.006 -0.012 -1.0) (-0.984 0.178 -0.008) (0.178 0.984 -0.011) (-0.968 0.25 -0.009) (0.25 0.968 -0.011) (0.006 -0.013 -1.0) (-0.93 0.367 -0.011) (0.367 0.93 -0.01) (0.007 -0.013 -1.0) (-0.864 0.504 -0.015) (0.504 0.864 -0.008) (0.009 -0.014 -1.0) (-0.769 0.639 -0.02) (0.639 0.769 -0.004) (0.013 -0.016 -1.0) (-0.653 0.757 -0.024) (0.757 0.653 0.0) (0.016 -0.019 -1.0) (-0.53 0.847 -0.027) (0.848 0.531 0.004) (0.018 -0.021 -1.0) (-0.423 0.906 -0.027) (0.906 0.423 0.008) (0.019 -0.021 -1.0) (-0.35 0.936 -0.026) (0.936 0.351 0.01) (-0.323 0.946 -0.025) (0.946 0.324 0.011) (0.019 -0.02 -1.0) (-0.35 0.937 -0.024) (0.937 0.35 0.011) (0.018 -0.019 -1.0) (-0.43 0.903 -0.023) (0.903 0.43 0.008) (0.017 -0.017 -1.0) (-0.544 0.839 -0.021) (0.839 0.544 0.003) (0.015 -0.016 -1.0) (-0.671 0.741 -0.02) (0.741 0.672 -0.001) (-0.793 0.609 -0.018) (0.61 0.793 -0.005) (0.011 -0.015 -1.0) (-0.889 0.458 -0.013) (0.459 0.889 -0.008) (0.008 -0.013 -1.0) (-0.951 0.31 -0.007) (0.31 0.951 -0.01) (-0.983 0.183 -0.002) (0.183 0.983 -0.011) (-0.995 0.097 0.001) (0.097 0.995 -0.011) (-0.002 -0.011 -1.0) (-0.998 0.064 0.002) (0.064 0.998 -0.011) (-0.998 0.064 0.001) (-0.997 0.074 0.0) (0.074 0.997 -0.011) (-0.997 0.082 0.0) (0.082 0.997 -0.011) (-0.996 0.092 0.0) (0.092 0.996 -0.011) (-0.995 0.103 0.0) (0.103 0.995 -0.011) (-0.994 0.113 0.0) (0.113 0.994 -0.011) (-0.992 0.123 0.0) (0.123 0.992 -0.011) (-0.991 0.132 0.0) (0.132 0.991 -0.011) (-0.99 0.138 -0.001) (0.138 0.99 -0.011) (0.0 1.0 0.0) (0.0 0.578 0.0) (-0.002 -0.638 0.77) (0.007 -0.77 -0.638) (1.0 0.004 0.006) (-0.123 -0.038 0.0) (-0.006 -0.635 0.773) (0.001 -0.773 -0.635) (1.0 -0.003 0.005) (-0.011 -0.629 0.778) (-0.008 -0.778 -0.629) (1.0 -0.013 0.004) (-0.019 -0.619 0.785) (-0.019 -0.785 -0.62) (1.0 -0.027 0.003) (-0.027 -0.607 0.794) (-0.032 -0.793 -0.608) (0.999 -0.042 0.002) (-0.036 -0.592 0.805) (-0.046 -0.804 -0.593) (0.998 -0.058 0.001) (-0.044 -0.575 0.817) (-0.06 -0.815 -0.576) (0.997 -0.074 0.001) (-0.051 -0.555 0.831) (-0.073 -0.827 -0.557) (0.996 -0.089 0.001) (-0.056 -0.532 0.845) (-0.085 -0.84 -0.535) (0.995 -0.102 0.002) (-0.059 -0.508 0.86) (-0.095 -0.854 -0.511) (0.994 -0.112 0.003) (-0.06 -0.481 0.875) (-0.102 -0.869 -0.485) (0.993 -0.118 0.003) (-0.058 -0.453 0.89) (-0.104 -0.884 -0.456) (0.993 -0.119 0.004) (-0.052 -0.423 0.905) (-0.101 -0.899 -0.426) (0.994 -0.113 0.004) (-0.044 -0.391 0.919) (-0.093 -0.915 -0.393) (0.995 -0.103 0.004) (-0.036 -0.355 0.934) (-0.082 -0.93 -0.357) (0.996 -0.089 0.004) (-0.027 -0.317 0.948) (-0.067 -0.946 -0.318) (0.997 -0.072 0.004) (-0.018 -0.275 0.961) (-0.051 -0.96 -0.275) (0.999 -0.054 0.003) (-0.01 -0.229 0.973) (-0.031 -0.973 -0.229) (0.999 -0.033 0.002) (-0.003 -0.18 0.984) (-0.01 -0.984 -0.18) (1.0 -0.011 0.001) (0.002 -0.127 0.992) (0.012 -0.992 -0.127) (1.0 0.012 0.0) (0.004 -0.07 0.998) (0.035 -0.997 -0.07) (0.999 0.035 -0.002) (0.005 -0.01 1.0) (0.057 -0.998 -0.01) (0.998 0.057 -0.004) (0.002 0.054 0.999) (0.079 -0.995 0.053) (0.997 0.079 -0.006) (-0.004 0.119 0.993) (0.1 -0.988 0.118) (0.995 0.1 -0.008) (-0.011 0.181 0.983) (0.12 -0.976 0.181) (0.993 0.12 -0.011) (-0.019 0.24 0.971) (0.137 -0.961 0.24) (0.99 0.137 -0.015) (-0.027 0.292 0.956) (0.151 -0.944 0.292) (0.988 0.153 -0.019) (-0.035 0.335 0.942) (0.163 -0.928 0.336) (0.986 0.165 -0.023) (-0.041 0.368 0.929) (0.171 -0.913 0.37) (0.984 0.174 -0.026) (-0.045 0.39 0.92) (0.176 -0.903 0.392) (0.983 0.18 -0.028) (-0.046 0.394 0.918) (0.178 -0.901 0.395) (0.983 0.181 -0.029) (-0.043 0.367 0.929) (0.175 -0.913 0.369) (0.984 0.178 -0.025) (-0.034 0.297 0.954) (0.166 -0.94 0.299) (0.986 0.169 -0.017) (-0.022 0.179 0.984) (0.15 -0.972 0.18) (0.988 0.151 -0.005) (-0.009 0.026 1.0) (0.127 -0.992 0.027) (0.992 0.127 0.006) (0.0 -0.14 0.99) (0.1 -0.985 -0.139) (0.995 0.099 0.014) (0.005 -0.302 0.953) (0.072 -0.951 -0.302) (0.997 0.07 0.017) (0.005 -0.444 0.896) (0.046 -0.895 -0.444) (0.999 0.043 0.016) (0.002 -0.55 0.835) (0.025 -0.835 -0.55) (1.0 0.022 0.012) (-0.001 -0.609 0.793) (0.013 -0.793 -0.609) (1.0 0.01 0.008) (-0.157 0.987 -0.011) (0.987 0.158 0.019) (0.021 -0.007 -1.0) (-0.193 0.981 -0.009) (0.981 0.193 0.019) (0.02 -0.005 -1.0) (-0.29 0.957 -0.007) (0.957 0.29 0.017) (0.019 -0.002 -1.0) (-0.432 0.902 -0.006) (0.902 0.432 0.015) (0.016 0.001 -1.0) (-0.594 0.805 -0.004) (0.805 0.594 0.013) (0.013 0.005 -1.0) (-0.75 0.662 -0.002) (0.662 0.749 0.012) (0.009 0.007 -1.0) (-0.872 0.49 0.001) (0.49 0.872 0.011) (0.005 0.01 -1.0) (-0.948 0.317 0.003) (0.317 0.948 0.011) (0.001 0.011 -1.0) (-0.986 0.169 0.003) (0.169 0.986 0.011) (-0.002 0.011 -1.0) (-0.998 0.069 0.003) (0.069 0.998 0.011) (-0.003 0.011 -1.0) (-1.0 0.031 0.003) (0.031 0.999 0.011) (-0.999 0.032 0.003) (0.032 0.999 0.011) (-0.999 0.045 0.003) (0.045 0.999 0.011) (-0.998 0.056 0.002) (0.056 0.998 0.011) (-0.998 0.07 0.002) (0.07 0.998 0.011) (-0.001 0.011 -1.0) (-0.996 0.084 0.002) (0.084 0.996 0.011) (-0.995 0.098 0.002) (0.098 0.995 0.011) (0.0 0.011 -1.0) (-0.994 0.112 0.001) (0.112 0.994 0.011) (-0.992 0.124 0.001) (0.124 0.992 0.011) (-0.991 0.133 0.001) (0.133 0.991 0.011) (-0.99 0.14 0.001) (0.14 0.99 0.011) (-0.99 0.142 0.0) (0.142 0.99 0.011) (0.002 0.011 -1.0) (0.002 0.01 -1.0) (0.003 0.01 -1.0) (-0.989 0.149 -0.002) (0.149 0.989 0.011) (0.004 0.01 -1.0) (0.183 0.983 0.011) (-0.964 0.265 -0.003) (0.265 0.964 0.01) (0.005 0.009 -1.0) (-0.917 0.398 -0.003) (0.398 0.917 0.011) (0.007 0.009 -1.0) (-0.833 0.553 -0.003) (0.553 0.833 0.011) (0.008 0.008 -1.0) (-0.713 0.702 -0.003) (0.701 0.713 0.012) (0.011 0.006 -1.0) (-0.566 0.825 -0.005) (0.825 0.566 0.014) (0.014 0.004 -1.0) (-0.412 0.911 -0.007) (0.911 0.412 0.016) (0.017 0.0 -1.0) (-0.28 0.96 -0.009) (0.96 0.28 0.018) (0.019 -0.003 -1.0) (-0.19 0.982 -0.01) (0.981 0.191 0.019) (0.02 -0.007 -1.0) (0.0 0.13 0.0) (1.0 -0.008 -0.02) (0.008 1.0 0.002) (0.02 -0.002 1.0) (0.998 -0.02 -0.053) (0.021 1.0 0.004) (0.053 -0.005 0.999) (0.994 -0.04 -0.104) (0.041 0.999 0.007) (0.103 -0.011 0.995) (0.984 -0.064 -0.168) (0.066 0.998 0.009) (0.168 -0.02 0.986) (0.967 -0.09 -0.239) (0.095 0.995 0.009) (0.237 -0.031 0.971) (0.944 -0.115 -0.309) (0.123 0.992 0.007) (0.306 -0.045 0.951) (0.918 -0.137 -0.371) (0.149 0.989 0.004) (0.366 -0.059 0.929) (0.894 -0.154 -0.42) (0.169 0.986 0.0) (0.414 -0.071 0.907) (0.877 -0.164 -0.451) (0.182 0.983 -0.003) (0.444 -0.079 0.893) (0.87 -0.168 -0.463) (0.187 0.982 -0.005) (0.455 -0.082 0.887) (0.873 -0.168 -0.459) (0.186 0.983 -0.006) (0.452 -0.08 0.889) (0.883 -0.162 -0.441) (0.178 0.984 -0.005) (0.435 -0.074 0.898) (0.898 -0.153 -0.412) (0.166 0.986 -0.004) (0.406 -0.065 0.911) (0.917 -0.14 -0.373) (0.15 0.989 -0.002) (0.369 -0.054 0.928) (0.937 -0.125 -0.325) (0.131 0.991 -0.001) (0.323 -0.041 0.946) (0.957 -0.105 -0.27) (0.109 0.994 -0.001) (0.268 -0.029 0.963) (0.975 -0.083 -0.208) (0.084 0.996 0.0) (0.208 -0.017 0.978) (0.988 -0.057 -0.142) (0.058 0.998 0.0) (0.141 -0.008 0.99) (0.997 -0.029 -0.072) (0.029 1.0 0.0) (0.072 -0.002 0.997) (0.997 0.03 0.072) (-0.03 1.0 0.001) (-0.072 -0.003 0.997) (0.988 0.06 0.142) (-0.061 0.998 0.002) (-0.142 -0.01 0.99) (0.974 0.089 0.21) (-0.092 0.996 0.003) (-0.209 -0.022 0.978) (0.955 0.115 0.274) (-0.121 0.993 0.004) (-0.271 -0.037 0.962) (0.933 0.139 0.331) (-0.149 0.989 0.004) (-0.327 -0.053 0.944) (0.911 0.159 0.38) (-0.173 0.985 0.004) (-0.374 -0.07 0.925) (0.891 0.174 0.42) (-0.194 0.981 0.004) (-0.412 -0.085 0.907) (0.874 0.185 0.45) (-0.209 0.978 0.004) (-0.439 -0.098 0.893) (0.863 0.192 0.467) (-0.219 0.976 0.004) (-0.455 -0.106 0.884) (0.86 0.193 0.472) (-0.222 0.975 0.005) (-0.459 -0.109 0.882) (0.869 0.188 0.457) (-0.215 0.977 0.007) (-0.446 -0.104 0.889) (0.889 0.175 0.423) (-0.198 0.98 0.01) (-0.413 -0.093 0.906) (0.915 0.156 0.373) (-0.173 0.985 0.014) (-0.365 -0.077 0.928) (0.941 0.131 0.311) (-0.143 0.99 0.016) (-0.305 -0.06 0.95) (0.965 0.103 0.242) (-0.111 0.994 0.016) (-0.238 -0.042 0.97) (0.982 0.074 0.171) (-0.078 0.997 0.014) (-0.17 -0.027 0.985) (0.993 0.046 0.105) (-0.047 0.999 0.01) (-0.105 -0.015 0.994) (0.998 0.022 0.05) (-0.023 1.0 0.006) (-0.05 -0.007 0.999) (1.0 0.006 0.014) (-0.006 1.0 0.002) (-0.014 -0.002 1.0) (0.0 0.596 0.0) (1.0 0.002 0.02) (-0.002 1.0 0.0) (-0.02 0.0 1.0) (0.998 0.005 0.055) (-0.005 1.0 -0.001) (-0.055 0.001 0.998) (0.995 0.01 0.103) (-0.01 1.0 -0.002) (-0.103 0.001 0.995) (0.987 0.016 0.163) (-0.016 1.0 -0.004) (-0.163 0.001 0.987) (0.973 0.023 0.229) (-0.022 1.0 -0.006) (-0.229 0.001 0.973) (0.955 0.03 0.295) (-0.028 1.0 -0.009) (-0.295 0.0 0.956) (0.935 0.036 0.354) (-0.034 0.999 -0.012) (-0.354 -0.001 0.935) (0.915 0.041 0.402) (-0.038 0.999 -0.014) (-0.402 -0.002 0.916) (0.9 0.044 0.435) (-0.041 0.999 -0.016) (-0.435 -0.003 0.9) (0.893 0.046 0.448) (-0.043 0.999 -0.017) (-0.449 -0.004 0.894) (0.894 0.046 0.445) (-0.446 -0.004 0.895) (0.901 0.044 0.431) (-0.042 0.999 -0.016) (-0.431 -0.004 0.902) (0.913 0.042 0.406) (-0.04 0.999 -0.014) (-0.406 -0.004 0.914) (0.928 0.038 0.37) (-0.037 0.999 -0.011) (-0.371 -0.003 0.929) (0.945 0.034 0.326) (-0.033 0.999 -0.008) (-0.326 -0.003 0.945) (0.961 0.029 0.274) (-0.028 1.0 -0.006) (-0.274 -0.002 0.962) (0.977 0.023 0.213) (-0.022 1.0 -0.003) (-0.213 -0.002 0.977) (0.989 0.016 0.147) (-0.016 1.0 -0.001) (-0.147 -0.001 0.989) (0.997 0.008 0.075) (-0.008 1.0 0.0) (-0.075 -0.001 0.997) (0.997 -0.009 -0.078) (0.009 1.0 -0.001) (0.987 -0.018 -0.157) (0.018 1.0 -0.004) (0.157 0.001 0.988) (0.972 -0.028 -0.234) (0.027 1.0 -0.008) (0.234 0.001 0.972) (0.951 -0.038 -0.306) (0.035 0.999 -0.013) (0.307 0.001 0.952) (0.927 -0.047 -0.373) (0.043 0.999 -0.019) (0.373 0.001 0.928) (0.901 -0.055 -0.43) (0.049 0.998 -0.025) (0.43 0.001 0.903) (0.877 -0.062 -0.477) (0.054 0.998 -0.03) (0.478 0.001 0.879) (0.857 -0.068 -0.511) (0.058 0.998 -0.035) (0.513 0.0 0.859) (0.843 -0.071 -0.533) (0.06 0.997 -0.038) (0.534 0.0 0.846) (0.84 -0.072 -0.538) (0.061 0.997 -0.039) (0.539 0.0 0.842) (0.848 -0.07 -0.525) (0.059 0.998 -0.037) (0.526 0.0 0.85) (0.869 -0.065 -0.491) (0.056 0.998 -0.034) (0.492 0.002 0.871) (0.899 -0.057 -0.435) (0.05 0.998 -0.028) (0.436 0.003 0.9) (0.931 -0.047 -0.363) (0.042 0.999 -0.021) (0.363 0.005 0.932) (0.959 -0.036 -0.282) (0.033 0.999 -0.015) (0.282 0.005 0.959) (0.98 -0.025 -0.2) (0.024 1.0 -0.01) (0.2 0.005 0.98) (0.992 -0.015 -0.123) (0.015 1.0 -0.005) (0.123 0.003 0.992) (0.998 -0.007 -0.059) (0.007 1.0 -0.002) (0.059 0.002 0.998) (1.0 -0.002 -0.016) (0.002 1.0 -0.001) (0.016 0.001 1.0) (0.0 0.315 0.0) (0.0 0.47 0.0) (0.0 0.3 0.0) (0.0 0.0 -1.0) (-1.0 0.0 0.0) (-0.077 0.079 0.994) (0.696 -0.709 0.11) (0.714 0.7 0.0) (0.279 0.394 -0.035) (-0.078 0.084 0.993) (0.704 -0.701 0.114) (0.706 0.708 -0.004) (-0.08 0.092 0.993) (0.717 -0.686 0.121) (0.692 0.722 -0.011) (-0.083 0.103 0.991) (0.734 -0.666 0.131) (0.674 0.739 -0.021) (-0.086 0.116 0.99) (0.753 -0.642 0.141) (0.652 0.758 -0.032) (-0.09 0.129 0.988) (0.773 -0.616 0.151) (0.628 0.777 -0.045) (-0.094 0.143 0.985) (0.792 -0.589 0.161) (0.603 0.795 -0.057) (-0.099 0.155 0.983) (0.809 -0.563 0.17) (0.579 0.812 -0.07) (-0.102 0.165 0.981) (0.822 -0.542 0.177) (0.561 0.824 -0.08) (-0.103 0.17 0.98) (0.83 -0.529 0.179) (0.549 0.831 -0.086) (-0.102 0.171 0.98) (0.833 -0.524 0.178) (0.544 0.834 -0.089) (-0.099 0.169 0.981) (0.832 -0.526 0.175) (0.545 0.833 -0.089) (-0.095 0.165 0.982) (0.828 -0.534 0.169) (0.552 0.829 -0.086) (-0.089 0.158 0.983) (0.821 -0.547 0.162) (0.564 0.822 -0.081) (-0.083 0.148 0.985) (0.811 -0.565 0.153) (0.58 0.812 -0.073) (-0.077 0.137 0.988) (0.797 -0.586 0.143) (0.599 0.799 -0.064) (-0.071 0.124 0.99) (0.781 -0.61 0.133) (0.62 0.783 -0.054) (-0.066 0.111 0.992) (0.763 -0.635 0.122) (0.643 0.765 -0.042) (-0.064 0.097 0.993) (0.743 -0.66 0.112) (0.667 0.745 -0.03) (-0.066 0.085 0.994) (0.72 -0.685 0.107) (0.69 0.723 -0.016) (-0.078 0.079 0.994) (0.714 0.701 0.0) (-0.099 0.079 0.992) (0.67 -0.731 0.126) (0.735 0.677 0.019) (-0.134 0.09 0.987) (0.642 -0.751 0.156) (0.755 0.655 0.043) (-0.181 0.112 0.977) (0.611 -0.766 0.201) (0.771 0.633 0.07) (-0.234 0.142 0.962) (0.576 -0.776 0.255) (0.783 0.614 0.1) (-0.289 0.175 0.941) (0.539 -0.782 0.312) (0.791 0.598 0.132) (-0.34 0.21 0.917) (0.502 -0.783 0.366) (0.795 0.585 0.161) (-0.385 0.241 0.891) (0.467 -0.781 0.414) (0.796 0.575 0.188) (-0.418 0.266 0.869) (0.439 -0.778 0.449) (0.796 0.569 0.208) (-0.438 0.282 0.854) (0.42 -0.775 0.472) (0.795 0.565 0.221) (-0.445 0.288 0.848) (0.414 -0.773 0.48) (0.794 0.565 0.225) (-0.439 0.283 0.853) (0.423 -0.772 0.474) (0.793 0.569 0.219) (-0.417 0.268 0.869) (0.448 -0.771 0.452) (0.791 0.578 0.202) (-0.38 0.242 0.893) (0.486 -0.769 0.415) (0.787 0.592 0.174) (-0.332 0.211 0.919) (0.531 -0.764 0.367) (0.78 0.61 0.141) (-0.277 0.179 0.944) (0.576 -0.756 0.312) (0.769 0.63 0.106) (-0.219 0.147 0.964) (0.617 -0.745 0.254) (0.756 0.651 0.073) (-0.166 0.12 0.979) (0.65 -0.733 0.2) (0.741 0.67 0.044) (-0.123 0.099 0.987) (0.674 -0.722 0.157) (0.729 0.685 0.022) (-0.094 0.086 0.992) (0.688 -0.714 0.127) (0.719 0.695 0.008) (0.99 0.119 -0.074) (-0.088 0.118 -0.989) (-0.109 0.986 0.127) (0.0 0.316 0.0) (0.989 0.123 -0.079) (-0.092 0.104 -0.99) (-0.114 0.987 0.114) (0.988 0.13 -0.087) (-0.098 0.079 -0.992) (-0.122 0.988 0.091) (0.985 0.138 -0.099) (-0.106 0.047 -0.993) (-0.133 0.989 0.061) (0.983 0.148 -0.113) (-0.116 0.009 -0.993) (-0.146 0.989 0.026) (0.979 0.157 -0.129) (-0.125 -0.033 -0.992) (-0.16 0.987 -0.013) (0.975 0.166 -0.145) (-0.134 -0.076 -0.988) (-0.176 0.983 -0.052) (0.972 0.174 -0.161) (-0.142 -0.114 -0.983) (-0.19 0.978 -0.086) (0.968 0.18 -0.173) (-0.148 -0.144 -0.978) (-0.201 0.973 -0.113) (0.966 0.183 -0.181) (-0.152 -0.164 -0.975) (-0.209 0.969 -0.131) (0.965 0.185 -0.185) (-0.153 -0.174 -0.973) (-0.212 0.967 -0.14) (0.966 0.183 -0.183) (-0.151 -0.174 -0.973) (-0.21 0.968 -0.14) (0.968 0.179 -0.175) (-0.146 -0.162 -0.976) (-0.203 0.97 -0.131) (0.972 0.172 -0.161) (-0.138 -0.14 -0.98) (-0.191 0.975 -0.113) (0.976 0.162 -0.145) (-0.128 -0.112 -0.985) (-0.176 0.98 -0.089) (0.98 0.151 -0.127) (-0.116 -0.079 -0.99) (-0.16 0.985 -0.06) (0.984 0.14 -0.109) (-0.105 -0.042 -0.994) (-0.143 0.989 -0.027) (0.987 0.129 -0.094) (-0.094 -0.003 -0.996) (-0.129 0.992 0.009) (0.989 0.121 -0.082) (-0.087 0.038 -0.995) (-0.118 0.992 0.048) (0.99 0.117 -0.075) (-0.085 0.078 -0.993) (-0.111 0.99 0.087) (0.99 0.119 -0.075) (-0.089 0.117 -0.989) (-0.109 0.986 0.126) (0.988 0.129 -0.081) (-0.101 0.153 -0.983) (-0.114 0.98 0.165) (0.984 0.148 -0.096) (-0.123 0.186 -0.975) (-0.126 0.971 0.201) (0.977 0.177 -0.118) (-0.155 0.212 -0.965) (-0.145 0.961 0.235) (0.967 0.212 -0.144) (-0.194 0.234 -0.953) (-0.168 0.949 0.267) (0.953 0.25 -0.172) (-0.235 0.25 -0.939) (-0.192 0.935 0.297) (0.937 0.288 -0.198) (-0.276 0.26 -0.925) (-0.215 0.922 0.323) (0.92 0.323 -0.221) (-0.312 0.266 -0.912) (-0.235 0.909 0.345) (0.906 0.35 -0.239) (-0.342 0.268 -0.901) (-0.251 0.898 0.362) (0.896 0.367 -0.25) (-0.36 0.268 -0.894) (-0.261 0.891 0.372) (0.893 0.372 -0.254) (-0.364 0.267 -0.892) (-0.264 0.889 0.374) (0.897 0.365 -0.25) (-0.357 0.263 -0.896) (-0.261 0.893 0.366) (0.907 0.347 -0.24) (-0.338 0.256 -0.906) (-0.253 0.902 0.349) (0.921 0.319 -0.224) (-0.308 0.243 -0.92) (-0.239 0.916 0.322) (0.937 0.284 -0.201) (-0.269 0.225 -0.936) (-0.221 0.932 0.288) (0.953 0.246 -0.175) (-0.227 0.204 -0.952) (-0.198 0.948 0.25) (0.967 0.208 -0.147) (-0.185 0.18 -0.966) (-0.174 0.961 0.213) (0.978 0.173 -0.119) (-0.147 0.157 -0.977) (-0.15 0.972 0.179) (0.985 0.145 -0.096) (-0.116 0.137 -0.984) (-0.129 0.98 0.152) (0.989 0.126 -0.08) (-0.095 0.123 -0.988) (-0.115 0.984 0.134) (0.0 0.469 0.0) (0.011 0.155 0.988) (-0.75 -0.652 0.11) (0.661 -0.742 0.109) (-0.279 0.394 -0.035) (0.028 0.161 0.987) (-0.743 -0.657 0.128) (0.668 -0.737 0.102) (0.057 0.173 0.983) (-0.731 -0.664 0.159) (0.68 -0.727 0.088) (0.1 0.19 0.977) (-0.71 -0.674 0.204) (0.697 -0.713 0.067) (0.155 0.214 0.965) (-0.679 -0.686 0.261) (0.717 -0.696 0.039) (0.214 0.241 0.947) (-0.641 -0.696 0.322) (0.737 -0.676 0.006) (0.27 0.269 0.924) (-0.599 -0.705 0.38) (0.754 -0.657 -0.029) (0.32 0.296 0.9) (-0.557 -0.71 0.432) (0.766 -0.639 -0.063) (0.359 0.318 0.877) (-0.52 -0.712 0.471) (0.775 -0.626 -0.091) (0.382 0.332 0.863) (-0.496 -0.714 0.494) (0.779 -0.617 -0.108) (0.388 0.336 0.858) (-0.488 -0.715 0.501) (0.782 -0.613 -0.114) (0.38 0.332 0.864) (-0.494 -0.716 0.492) (0.782 -0.614 -0.108) (0.356 0.319 0.878) (-0.513 -0.719 0.469) (0.781 -0.618 -0.092) (0.319 0.299 0.899) (-0.541 -0.721 0.432) (0.778 -0.625 -0.068) (0.269 0.274 0.923) (-0.575 -0.723 0.383) (0.772 -0.634 -0.037) (0.213 0.246 0.946) (-0.611 -0.721 0.325) (0.762 -0.647 -0.003) (0.154 0.219 0.964) (-0.646 -0.716 0.266) (0.748 -0.663 0.031) (0.099 0.194 0.976) (-0.677 -0.706 0.209) (0.729 -0.681 0.061) (0.054 0.174 0.983) (-0.704 -0.692 0.16) (0.708 -0.701 0.085) (0.026 0.162 0.987) (-0.728 -0.673 0.129) (0.685 -0.722 0.1) (0.017 0.158 0.987) (-0.75 -0.651 0.117) (0.662 -0.742 0.107) (0.026 0.161 0.987) (-0.769 -0.627 0.123) (0.639 -0.762 0.107) (0.05 0.169 0.984) (-0.786 -0.601 0.143) (0.616 -0.781 0.102) (0.086 0.18 0.98) (-0.799 -0.574 0.176) (0.594 -0.799 0.094) (0.132 0.194 0.972) (-0.808 -0.546 0.219) (0.574 -0.815 0.085) (0.182 0.208 0.961) (-0.813 -0.518 0.266) (0.553 -0.83 0.074) (0.232 0.22 0.947) (-0.813 -0.491 0.314) (0.534 -0.843 0.065) (0.278 0.231 0.932) (-0.809 -0.467 0.357) (0.518 -0.854 0.057) (0.315 0.239 0.918) (-0.803 -0.448 0.392) (0.505 -0.862 0.051) (0.341 0.244 0.908) (-0.798 -0.435 0.417) (0.497 -0.867 0.046) (0.353 0.247 0.903) (-0.794 -0.431 0.428) (0.495 -0.868 0.044) (0.346 0.246 0.905) (-0.794 -0.438 0.422) (0.501 -0.864 0.044) (0.32 0.243 0.916) (-0.795 -0.456 0.399) (0.515 -0.856 0.047) (0.282 0.236 0.93) (-0.796 -0.483 0.364) (0.535 -0.843 0.051) (0.235 0.226 0.946) (-0.795 -0.515 0.32) (0.559 -0.827 0.059) (0.183 0.213 0.96) (-0.79 -0.549 0.272) (0.585 -0.808 0.068) (0.131 0.198 0.971) (-0.782 -0.581 0.224) (0.609 -0.789 0.078) (0.085 0.183 0.98) (-0.772 -0.61 0.18) (0.63 -0.771 0.089) (0.049 0.17 0.984) (-0.762 -0.631 0.146) (0.646 -0.757 0.099) (0.025 0.16 0.987) (-0.755 -0.644 0.124) (0.656 -0.748 0.105) (0.983 0.034 0.179) (-0.177 -0.063 0.982) (0.045 -0.997 -0.056) (0.981 0.043 0.189) (-0.187 -0.056 0.981) (0.052 -0.998 -0.046) (0.977 0.058 0.206) (-0.203 -0.043 0.978) (0.065 -0.997 -0.03) (0.971 0.078 0.227) (-0.226 -0.027 0.974) (0.082 -0.997 -0.009) (0.962 0.102 0.252) (-0.253 -0.009 0.968) (0.101 -0.995 0.017) (0.952 0.128 0.278) (-0.282 0.01 0.959) (0.12 -0.992 0.046) (0.94 0.156 0.304) (-0.312 0.029 0.95) (0.14 -0.987 0.076) (0.928 0.182 0.326) (-0.339 0.045 0.94) (0.156 -0.982 0.103) (0.917 0.202 0.343) (-0.361 0.056 0.931) (0.169 -0.978 0.125) (0.91 0.216 0.354) (-0.375 0.064 0.925) (0.177 -0.974 0.139) (0.907 0.222 0.359) (-0.381 0.069 0.922) (0.18 -0.973 0.147) (0.908 0.219 0.356) (-0.379 0.07 0.923) (0.177 -0.973 0.146) (0.916 0.206 0.345) (-0.365 0.068 0.928) (0.168 -0.976 0.138) (0.927 0.185 0.327) (-0.344 0.063 0.937) (0.152 -0.981 0.122) (0.939 0.159 0.305) (-0.317 0.056 0.947) (0.134 -0.986 0.103) (0.951 0.131 0.279) (-0.287 0.044 0.957) (0.113 -0.99 0.08) (0.962 0.103 0.253) (-0.257 0.03 0.966) (0.092 -0.994 0.055) (0.971 0.077 0.227) (-0.229 0.011 0.973) (0.072 -0.997 0.028) (0.977 0.056 0.205) (-0.204 -0.011 0.979) (0.057 -0.998 0.001) (0.981 0.041 0.188) (-0.186 -0.036 0.982) (0.047 -0.999 -0.027) (0.983 0.034 0.178) (-0.174 -0.092 0.98) (0.05 -0.995 -0.084) (0.983 0.037 0.181) (-0.175 -0.122 0.977) (0.059 -0.992 -0.113) (0.981 0.043 0.187) (-0.179 -0.152 0.972) (0.07 -0.988 -0.141) (0.979 0.049 0.196) (-0.185 -0.18 0.966) (0.083 -0.982 -0.167) (0.977 0.056 0.207) (-0.191 -0.207 0.959) (0.097 -0.977 -0.191) (0.974 0.063 0.218) (-0.198 -0.231 0.953) (0.111 -0.971 -0.212) (0.971 0.07 0.229) (-0.205 -0.25 0.946) (0.123 -0.966 -0.229) (0.968 0.075 0.238) (-0.211 -0.265