((:name . "Attack_2") (:length . 0.5) (:bones . (("Lokot_P_end" . ((0 (0 175 1 544)))) ("Lokot_L_end_end" . ((0 (0 175 1 544)))) ("Golova_end" . ((0 (0 175 1 430)))) ("Lokot_L_end" . ((0 (0 175 1 544)))) ("Tors" . ((0 (0 257 258 259)) (0.01666667 (260 261 262 259)) (0.03333334 (263 264 265 259)) (0.05 (266 267 268 259)) (0.06666667 (269 270 271 259)) (0.08333334 (272 273 274 259)) (0.1 (275 276 277 259)) (0.1166667 (278 279 280 259)) (0.1333333 (281 282 283 259)) (0.15 (284 285 286 259)) (0.1666667 (287 288 289 259)) (0.1833333 (290 291 292 259)) (0.2 (293 294 295 259)) (0.2166667 (296 297 298 259)) (0.2333333 (299 257 300 259)) (0.25 (301 302 303 259)) (0.2666667 (304 305 306 259)) (0.2833333 (307 308 309 259)) (0.3 (310 311 312 259)) (0.3166667 (313 314 315 259)) (0.3333333 (316 317 318 259)) (0.35 (319 320 321 259)) (0.3666667 (322 323 324 259)) (0.3833333 (325 326 327 259)) (0.4 (328 329 330 259)) (0.4166667 (331 332 333 259)) (0.4333333 (334 335 336 259)) (0.45 (337 338 339 259)) (0.4666667 (340 341 342 259)) (0.4833333 (343 344 345 259)))) ("Kluchitsa_L_end_end" . ((0 (0 175 1 432)))) ("Lokot_P" . ((0 (175 433 1 491)) (0.01666667 (636 637 638 491)) (0.03333334 (639 640 641 491)) (0.05 (642 643 644 491)) (0.06666667 (645 646 647 491)) (0.08333334 (648 649 650 491)) (0.1 (651 652 653 491)) (0.1166667 (654 655 656 491)) (0.1333333 (657 658 659 491)) (0.15 (660 661 662 491)) (0.1666667 (663 433 623 491)) (0.1833333 (664 665 666 491)) (0.2 (667 668 669 491)) (0.2166667 (670 671 672 491)) (0.2333333 (673 674 675 491)) (0.25 (676 677 2 491)) (0.2666667 (678 679 680 491)) (0.2833333 (681 682 683 491)) (0.3 (684 685 686 491)) (0.3166667 (687 688 689 491)) (0.3333333 (690 691 2 491)) (0.35 (692 693 694 491)) (0.3666667 (695 696 697 491)) (0.3833333 (698 699 700 491)) (0.4 (701 702 703 491)) (0.4166667 (704 705 706 491)) (0.4333333 (707 708 709 491)) (0.45 (710 711 712 491)) (0.4666667 (713 714 715 491)) (0.4833333 (716 717 718 491)))) ("Lokot_L" . ((0 (175 433 1 491)) (0.01666667 (492 493 1 491)) (0.03333334 (494 495 1 491)) (0.05 (496 497 1 491)) (0.06666667 (498 499 1 491)) (0.08333334 (500 501 1 491)) (0.1 (502 503 1 491)) (0.1166667 (504 505 1 491)) (0.1333333 (506 507 1 491)) (0.15 (508 509 1 491)) (0.1666667 (510 511 1 491)) (0.1833333 (512 513 1 491)) (0.2 (514 515 1 491)) (0.2166667 (516 517 1 491)) (0.2333333 (518 519 1 491)) (0.25 (520 521 1 491)) (0.2666667 (522 523 1 491)) (0.2833333 (524 525 1 491)) (0.3 (526 527 1 491)) (0.3166667 (528 529 1 491)) (0.3333333 (510 511 1 491)) (0.35 (530 531 1 491)) (0.3666667 (522 523 1 491)) (0.3833333 (532 533 1 491)) (0.4 (534 535 1 491)) (0.4166667 (510 511 1 491)) (0.4333333 (536 537 1 491)) (0.45 (538 539 1 491)) (0.4666667 (540 541 1 491)) (0.4833333 (542 543 1 491)))) ("Kluchitsa_P_end" . ((0 (0 175 1 432)))) ("Koleno_P_end" . ((0 (0 175 1 176)))) ("Bedro_L" . ((0 (4 5 6 7)) (0.01666667 (8 5 9 7)) (0.03333334 (10 11 12 7)) (0.05 (13 14 15 7)) (0.06666667 (16 17 18 7)) (0.08333334 (19 20 21 7)) (0.1 (22 23 24 7)) (0.1166667 (25 23 24 7)) (0.1333333 (19 20 26 7)) (0.15 (27 28 29 7)) (0.1666667 (4 5 6 7)) (0.1833333 (30 31 32 7)) (0.2 (33 34 35 7)) (0.2166667 (36 37 38 7)) (0.2333333 (39 40 41 7)) (0.25 (42 43 44 7)) (0.2666667 (45 46 47 7)) (0.2833333 (48 49 50 7)) (0.3 (51 52 53 7)) (0.3166667 (54 55 56 7)) (0.3333333 (57 58 59 7)) (0.35 (60 61 62 7)) (0.3666667 (63 64 65 7)) (0.3833333 (66 67 68 7)) (0.4 (69 70 71 7)) (0.4166667 (72 73 74 7)) (0.4333333 (75 76 77 7)) (0.45 (78 79 80 7)) (0.4666667 (81 82 83 7)) (0.4833333 (84 85 86 7)))) ("Woin" . ((0 (719 720 721 721)))) ("Kluchitsa_P_end_end" . ((0 (0 175 1 432)))) ("Golova_end_end" . ((0 (0 175 1 430)))) ("Koleno_L_end" . ((0 (0 175 1 176)))) ("Lokot_P_end_end" . ((0 (0 175 1 544)))) ("Koleno_P" . ((0 (87 88 89 90)))) ("Bedro_P" . ((0 (177 178 179 180)) (0.01666667 (181 182 183 180)) (0.03333334 (184 185 186 180)) (0.05 (187 188 189 180)) (0.06666667 (190 191 192 180)) (0.08333334 (193 194 195 180)) (0.1 (196 197 198 180)) (0.1166667 (199 200 201 180)) (0.1333333 (202 203 204 180)) (0.15 (205 206 207 180)) (0.1666667 (208 209 210 180)) (0.1833333 (211 212 213 180)) (0.2 (214 215 216 180)) (0.2166667 (217 218 219 180)) (0.2333333 (220 221 222 180)) (0.25 (223 224 225 180)) (0.2666667 (226 227 228 180)) (0.2833333 (229 230 231 180)) (0.3 (232 230 233 180)) (0.3166667 (234 230 235 180)) (0.3333333 (236 227 237 180)) (0.35 (223 224 225 180)) (0.3666667 (238 239 240 180)) (0.3833333 (241 215 242 180)) (0.4 (243 244 245 180)) (0.4166667 (246 247 248 180)) (0.4333333 (199 200 249 180)) (0.45 (250 251 252 180)) (0.4666667 (253 254 255 180)) (0.4833333 (184 185 256 180)))) ("Golova" . ((0 (0 346 347 348)) (0.01666667 (349 350 351 348)) (0.03333334 (352 353 354 348)) (0.05 (355 356 357 348)) (0.06666667 (358 359 360 348)) (0.08333334 (361 362 363 348)) (0.1 (364 365 366 348)) (0.1166667 (367 368 369 348)) (0.1333333 (370 371 372 348)) (0.15 (373 374 375 348)) (0.1666667 (376 377 378 348)) (0.1833333 (379 380 381 348)) (0.2 (382 383 384 348)) (0.2166667 (385 386 387 348)) (0.2333333 (388 346 389 348)) (0.25 (390 391 392 348)) (0.2666667 (393 394 395 348)) (0.2833333 (396 397 398 348)) (0.3 (399 400 401 348)) (0.3166667 (402 403 404 348)) (0.3333333 (405 406 407 348)) (0.35 (408 409 410 348)) (0.3666667 (411 412 413 348)) (0.3833333 (414 412 415 348)) (0.4 (416 417 418 348)) (0.4166667 (405 406 407 348)) (0.4333333 (419 420 421 348)) (0.45 (422 423 424 348)) (0.4666667 (425 426 427 348)) (0.4833333 (428 391 429 348)))) ("Kluchitsa_L_end" . ((0 (0 175 1 432)))) ("Ruka_P" . ((0 (545 546 547 548)) (0.01666667 (549 550 551 548)) (0.03333334 (552 553 554 548)) (0.05 (555 556 557 548)) (0.06666667 (558 559 560 548)) (0.08333334 (561 562 563 548)) (0.1 (564 565 566 548)) (0.1166667 (567 568 569 548)) (0.1333333 (570 571 572 548)) (0.15 (573 574 575 548)) (0.1666667 (576 577 578 548)) (0.1833333 (579 580 581 548)) (0.2 (582 583 584 548)) (0.2166667 (585 586 587 548)) (0.2333333 (588 589 590 548)) (0.25 (591 592 593 548)) (0.2666667 (594 595 596 548)) (0.2833333 (597 598 599 548)) (0.3 (600 601 602 548)) (0.3166667 (603 604 605 548)) (0.3333333 (606 607 608 548)) (0.35 (609 610 611 548)) (0.3666667 (612 613 614 548)) (0.3833333 (615 616 617 548)) (0.4 (618 619 620 548)) (0.4166667 (621 622 623 548)) (0.4333333 (624 625 626 548)) (0.45 (627 628 629 548)) (0.4666667 (630 631 632 548)) (0.4833333 (633 634 635 548)))) ("Skelet" . ((0 (0 1 2 3)))) ("Shit" . ((0 (722 723 724 725)) (0.01666667 (726 727 728 729)) (0.03333334 (730 731 732 733)) (0.05 (734 735 736 737)) (0.06666667 (738 739 740 741)) (0.08333334 (742 743 744 745)) (0.1 (746 747 748 749)) (0.1166667 (750 751 752 753)) (0.1333333 (754 755 756 757)) (0.15 (758 759 760 761)) (0.1666667 (762 763 764 765)) (0.1833333 (766 767 768 769)) (0.2 (770 771 772 773)) (0.2166667 (774 775 776 777)) (0.2333333 (778 779 780 781)) (0.25 (782 783 784 785)) (0.2666667 (786 787 788 789)) (0.2833333 (790 791 792 793)) (0.3 (794 795 796 797)) (0.3166667 (798 799 800 801)) (0.3333333 (802 803 804 805)) (0.35 (806 807 808 809)) (0.3666667 (810 811 812 813)) (0.3833333 (814 815 816 817)) (0.4 (818 819 820 821)) (0.4166667 (822 823 824 825)) (0.4333333 (826 827 828 829)) (0.45 (830 831 832 833)) (0.4666667 (834 835 836 837)) (0.4833333 (838 839 840 841)))) ("Kluchitsa_L" . ((0 (1 0 175 431)))) ("Ruka_L" . ((0 (434 435 436 437)) (0.01666667 (438 439 436 437)) (0.03333334 (440 441 436 437)) (0.05 (442 443 436 437)) (0.06666667 (444 445 436 437)) (0.08333334 (446 447 436 437)) (0.1 (448 449 436 437)) (0.1166667 (450 451 436 437)) (0.1333333 (452 453 436 437)) (0.15 (454 455 436 437)) (0.1666667 (456 457 436 437)) (0.1833333 (458 459 436 437)) (0.2 (460 461 436 437)) (0.2166667 (462 463 436 437)) (0.2333333 (464 465 436 437)) (0.25 (466 467 436 437)) (0.2666667 (468 469 436 437)) (0.2833333 (470 471 436 437)) (0.3 (472 473 436 437)) (0.3166667 (474 475 436 437)) (0.3333333 (456 457 436 437)) (0.35 (476 477 436 437)) (0.3666667 (468 478 436 437)) (0.3833333 (479 480 436 437)) (0.4 (481 482 436 437)) (0.4166667 (456 457 436 437)) (0.4333333 (483 484 436 437)) (0.45 (485 486 436 437)) (0.4666667 (487 488 436 437)) (0.4833333 (489 490 436 437)))) ("Koleno_L" . ((0 (87 88 89 90)) (0.01666667 (91 92 93 90)) (0.03333334 (94 95 96 90)) (0.05 (97 98 99 90)) (0.06666667 (100 101 102 90)) (0.08333334 (103 104 105 90)) (0.1 (106 107 108 90)) (0.1166667 (109 110 111 90)) (0.1333333 (112 113 114 90)) (0.15 (115 116 117 90)) (0.1666667 (118 119 120 90)) (0.1833333 (121 122 123 90)) (0.2 (124 125 126 90)) (0.2166667 (127 128 129 90)) (0.2333333 (130 131 132 90)) (0.25 (133 134 135 90)) (0.2666667 (136 137 138 90)) (0.2833333 (139 140 141 90)) (0.3 (142 143 144 90)) (0.3166667 (139 140 145 90)) (0.3333333 (146 147 148 90)) (0.35 (149 150 151 90)) (0.3666667 (152 153 154 90)) (0.3833333 (155 156 157 90)) (0.4 (158 119 159 90)) (0.4166667 (160 161 162 90)) (0.4333333 (163 164 165 90)) (0.45 (166 167 168 90)) (0.4666667 (169 170 171 90)) (0.4833333 (172 173 174 90)))) ("Sword" . ((0 (842 843 844 845)) (0.01666667 (846 847 848 849)) (0.03333334 (850 851 852 853)) (0.05 (854 855 856 857)) (0.06666667 (858 859 860 861)) (0.08333334 (862 863 864 865)) (0.1 (866 867 868 869)) (0.1166667 (870 871 872 873)) (0.1333333 (874 875 876 877)) (0.15 (878 879 880 881)) (0.1666667 (882 883 884 885)) (0.1833333 (886 887 888 889)) (0.2 (890 891 892 893)) (0.2166667 (894 895 896 897)) (0.2333333 (898 899 900 901)) (0.25 (902 903 904 905)) (0.2666667 (906 907 908 909)) (0.2833333 (910 911 912 913)) (0.3 (914 915 916 917)) (0.3166667 (918 919 920 921)) (0.3333333 (922 923 924 925)) (0.35 (926 927 928 929)) (0.3666667 (930 931 932 933)) (0.3833333 (934 935 936 937)) (0.4 (938 939 940 941)) (0.4166667 (942 943 944 945)) (0.4333333 (946 947 948 949)) (0.45 (950 951 952 953)) (0.4666667 (954 955 956 957)) (0.4833333 (958 959 960 961)))) ("Koleno_L_end_end" . ((0 (0 175 1 176)))) ("Kluchitsa_P" . ((0 (89 433 175 431)))) ("Koleno_P_end_end" . ((0 (0 175 1 176)))))) (:resources . ((1.0 0.0 0.0) (0.0 0.0 1.0) (0.0 -1.0 0.0) (0.0 0.0 -0.04) (0.059 -0.337 0.94) (0.163 -0.925 -0.342) (0.985 0.174 0.0) (0.123 -0.038 0.0) (0.062 -0.337 0.94) (0.985 0.174 -0.002) (0.067 -0.337 0.939) (0.162 -0.925 -0.343) (0.984 0.176 -0.007) (0.075 -0.337 0.939) (0.162 -0.925 -0.344) (0.984 0.177 -0.015) (0.083 -0.336 0.938) (0.161 -0.924 -0.346) (0.984 0.179 -0.022) (0.09 -0.336 0.937) (0.16 -0.924 -0.347) (0.983 0.181 -0.029) (0.094 -0.336 0.937) (0.159 -0.924 -0.348) (0.983 0.182 -0.034) (0.095 -0.336 0.937) (0.983 0.181 -0.03) (0.079 -0.337 0.938) (0.161 -0.925 -0.345) (0.984 0.178 -0.019) (0.024 -0.337 0.941) (0.167 -0.927 -0.337) (0.986 0.165 0.034) (-0.026 -0.338 0.941) (0.172 -0.929 -0.329) (0.985 0.153 0.083) (-0.084 -0.339 0.937) (0.177 -0.931 -0.32) (0.981 0.139 0.138) (-0.138 -0.339 0.93) (0.182 -0.932 -0.313) (0.974 0.126 0.191) (-0.182 -0.34 0.923) (0.185 -0.933 -0.307) (0.966 0.115 0.233) (-0.216 -0.34 0.915) (0.188 -0.934 -0.303) (0.958 0.107 0.266) (-0.247 -0.34 0.907) (0.19 -0.935 -0.299) (0.95 0.099 0.296) (-0.272 -0.341 0.9) (0.192 -0.936 -0.296) (0.943 0.093 0.32) (-0.289 -0.341 0.895) (0.194 -0.936 -0.294) (0.938 0.088 0.336) (-0.293 -0.341 0.893) (0.194 -0.936 -0.293) (0.936 0.087 0.341) (-0.284 -0.341 0.896) (0.193 -0.936 -0.294) (0.939 0.089 0.332) (-0.263 -0.34 0.903) (0.192 -0.935 -0.297) (0.945 0.095 0.312) (-0.234 -0.34 0.911) (0.189 -0.935 -0.301) (0.954 0.102 0.283) (-0.199 -0.34 0.919) (0.187 -0.934 -0.305) (0.962 0.111 0.25) (-0.163 -0.34 0.926) (0.184 -0.933 -0.31) (0.969 0.12 0.215) (-0.125 -0.339 0.932) (0.181 -0.932 -0.315) (0.976 0.129 0.178) (-0.081 -0.339 0.937) (0.177 -0.93 -0.321) (0.981 0.14 0.135) (-0.034 -0.338 0.94) (0.173 -0.929 -0.328) (0.984 0.151 0.09) (0.013 -0.337 0.941) (0.168 -0.927 -0.335) (0.986 0.163 0.044) (-0.906 0.423 0.0) (0.423 0.906 0.0) (0.0 0.0 -1.0) (0.0 0.532 0.0) (-0.906 0.423 -0.015) (0.423 0.906 0.007) (0.016 0.0 -1.0) (-0.906 0.423 -0.029) (0.422 0.906 0.014) (0.032 0.0 -0.999) (-0.905 0.423 -0.044) (0.422 0.906 0.021) (0.049 0.0 -0.999) (-0.904 0.423 -0.059) (0.422 0.906 0.028) (0.065 0.0 -0.998) (-0.903 0.423 -0.074) (0.421 0.906 0.034) (0.081 0.0 -0.997) (-0.902 0.423 -0.088) (0.421 0.906 0.041) (0.098 0.0 -0.995) (-0.9 0.423 -0.103) (0.42 0.906 0.048) (0.114 0.0 -0.994) (-0.899 0.423 -0.117) (0.419 0.906 0.055) (0.129 0.0 -0.992) (-0.897 0.423 -0.131) (0.418 0.906 0.061) (0.144 0.0 -0.99) (-0.895 0.423 -0.144) (0.417 0.906 0.067) (0.159 0.0 -0.987) (-0.892 0.423 -0.158) (0.416 0.906 0.074) (0.174 0.0 -0.985) (-0.89 0.423 -0.172) (0.415 0.906 0.08) (0.189 0.0 -0.982) (-0.887 0.423 -0.185) (0.414 0.906 0.086) (0.204 0.0 -0.979) (-0.885 0.423 -0.196) (0.413 0.906 0.091) (0.216 0.0 -0.976) (-0.883 0.423 -0.204) (0.412 0.906 0.095) (0.225 0.0 -0.974) (-0.882 0.423 -0.21) (0.411 0.906 0.098) (0.231 0.0 -0.973) (-0.881 0.423 -0.214) (0.411 0.906 0.1) (0.236 0.0 -0.972) (-0.88 0.423 -0.216) (0.41 0.906 0.101) (0.238 0.0 -0.971) (0.237 0.0 -0.972) (-0.882 0.423 -0.209) (0.411 0.906 0.097) (0.23 0.0 -0.973) (-0.884 0.423 -0.198) (0.412 0.906 0.092) (0.218 0.0 -0.976) (-0.888 0.423 -0.183) (0.414 0.906 0.085) (0.201 0.0 -0.979) (-0.891 0.423 -0.164) (0.416 0.906 0.076) (0.181 0.0 -0.984) (-0.895 0.423 -0.143) (0.158 0.0 -0.987) (-0.898 0.423 -0.122) (0.419 0.906 0.057) (0.135 0.0 -0.991) (-0.901 0.423 -0.1) (0.42 0.906 0.047) (0.11 0.0 -0.994) (-0.903 0.423 -0.076) (0.421 0.906 0.035) (0.084 0.0 -0.996) (-0.905 0.423 -0.051) (0.422 0.906 0.024) (0.056 0.0 -0.998) (-0.906 0.423 -0.025) (0.422 0.906 0.012) (0.028 0.0 -1.0) (0.0 1.0 0.0) (0.0 0.578 0.0) (0.682 -0.337 0.65) (-0.367 -0.925 -0.095) (0.633 -0.174 -0.754) (-0.123 -0.038 0.0) (0.685 -0.337 0.646) (-0.367 -0.925 -0.093) (0.63 -0.174 -0.757) (0.688 -0.337 0.643) (-0.368 -0.925 -0.091) (0.626 -0.174 -0.761) (0.692 -0.337 0.639) (-0.368 -0.925 -0.089) (0.621 -0.174 -0.764) (0.696 -0.337 0.635) (-0.369 -0.925 -0.087) (0.617 -0.174 -0.768) (0.7 -0.337 0.63) (-0.369 -0.925 -0.085) (0.612 -0.174 -0.772) (0.704 -0.337 0.626) (-0.37 -0.925 -0.082) (0.607 -0.174 -0.776) (0.708 -0.337 0.621) (-0.37 -0.925 -0.08) (0.602 -0.174 -0.78) (0.712 -0.337 0.616) (-0.371 -0.925 -0.077) (0.597 -0.174 -0.784) (0.716 -0.337 0.612) (-0.371 -0.925 -0.075) (0.592 -0.174 -0.787) (0.719 -0.337 0.607) (-0.372 -0.925 -0.073) (0.587 -0.174 -0.791) (0.723 -0.337 0.603) (-0.372 -0.925 -0.071) (0.582 -0.174 -0.794) (0.726 -0.337 0.599) (-0.373 -0.925 -0.069) (0.578 -0.174 -0.798) (0.729 -0.337 0.596) (-0.373 -0.925 -0.067) (0.574 -0.174 -0.8) (0.732 -0.337 0.593) (-0.373 -0.925 -0.065) (0.57 -0.174 -0.803) (0.734 -0.337 0.59) (-0.374 -0.925 -0.064) (0.568 -0.174 -0.805) (0.735 -0.337 0.588) (-0.374 -0.925 -0.063) (0.565 -0.174 -0.806) (0.736 -0.337 0.587) (-0.374 -0.925 -0.062) (0.564 -0.174 -0.807) (0.737 -0.337 0.586) (0.563 -0.174 -0.808) (0.737 -0.337 0.587) (0.564 -0.174 -0.808) (0.736 -0.337 0.588) (0.565 -0.174 -0.807) (0.73 -0.337 0.594) (-0.373 -0.925 -0.066) (0.572 -0.174 -0.802) (0.726 -0.337 0.6) (0.578 -0.174 -0.797) (0.72 -0.337 0.606) (-0.372 -0.925 -0.072) (0.585 -0.174 -0.792) (0.714 -0.337 0.613) (-0.371 -0.925 -0.076) (0.593 -0.174 -0.786) (0.601 -0.174 -0.78) (0.701 -0.337 0.629) (-0.37 -0.925 -0.084) (0.61 -0.174 -0.773) (0.694 -0.337 0.636) (-0.369 -0.925 -0.088) (0.618 -0.174 -0.767) (0.626 -0.174 -0.76) (0.0 0.94 -0.342) (0.0 0.342 0.94) (0.0 0.13 0.0) (0.998 0.0 -0.061) (-0.021 0.94 -0.341) (0.057 0.342 0.938) (0.991 0.0 -0.134) (-0.046 0.94 -0.339) (0.125 0.342 0.931) (0.977 0.0 -0.213) (-0.073 0.94 -0.334) (0.2 0.342 0.918) (0.956 0.0 -0.293) (-0.1 0.94 -0.327) (0.275 0.342 0.899) (0.93 0.0 -0.367) (-0.126 0.94 -0.318) (0.345 0.342 0.874) (0.902 0.0 -0.431) (-0.147 0.94 -0.309) (0.405 0.342 0.848) (0.877 0.0 -0.48) (-0.164 0.94 -0.3) (0.451 0.342 0.824) (0.86 0.0 -0.51) (-0.175 0.94 -0.294) (0.48 0.342 0.808) (0.855 0.0 -0.519) (-0.177 0.94 -0.292) (0.487 0.342 0.803) (0.866 0.0 -0.5) (-0.171 0.94 -0.296) (0.47 0.342 0.814) (0.901 0.0 -0.433) (-0.148 0.94 -0.308) (0.407 0.342 0.847) (0.95 0.0 -0.311) (-0.106 0.94 -0.325) (0.293 0.342 0.893) (0.987 0.0 -0.158) (-0.054 0.94 -0.338) (0.148 0.342 0.928) (1.0 0.0 -0.001) (0.001 0.342 0.94) (0.992 0.0 0.127) (0.044 0.94 -0.339) (-0.12 0.342 0.932) (0.973 0.0 0.23) (0.079 0.94 -0.333) (-0.216 0.342 0.915) (0.946 0.0 0.325) (0.111 0.94 -0.323) (-0.305 0.342 0.889) (0.914 0.0 0.405) (0.139 0.94 -0.313) (-0.381 0.342 0.859) (0.885 0.0 0.465) (0.159 0.94 -0.303) (-0.437 0.342 0.832) (0.867 0.0 0.499) (0.171 0.94 -0.296) (-0.469 0.342 0.814) (0.863 0.0 0.504) (0.173 0.94 -0.295) (-0.474 0.342 0.811) (0.874 0.0 0.485) (0.166 0.94 -0.299) (-0.456 0.342 0.822) (0.894 0.0 0.449) (0.154 0.94 -0.306) (-0.422 0.342 0.84) (0.916 0.0 0.402) (0.137 0.94 -0.313) (-0.378 0.342 0.861) (0.936 0.0 0.352) (0.12 0.94 -0.32) (-0.33 0.342 0.88) (0.955 0.0 0.296) (0.101 0.94 -0.327) (-0.278 0.342 0.898) (0.974 0.0 0.228) (0.078 0.94 -0.333) (-0.214 0.342 0.915) (0.988 0.0 0.153) (0.052 0.94 -0.338) (-0.143 0.342 0.929) (0.997 0.0 0.075) (0.026 0.94 -0.341) (-0.07 0.342 0.937) (0.0 0.94 0.342) (0.0 -0.342 0.94) (0.0 0.596 0.0) (0.998 -0.019 0.053) (-0.001 0.94 0.343) (-0.057 -0.342 0.938) (0.992 -0.042 0.118) (-0.001 0.939 0.345) (-0.125 -0.342 0.931) (0.98 -0.067 0.187) (-0.003 0.937 0.348) (-0.199 -0.342 0.918) (0.962 -0.092 0.257) (-0.005 0.935 0.354) (-0.273 -0.342 0.899) (0.939 -0.117 0.322) (-0.008 0.932 0.361) (-0.342 -0.342 0.875) (0.915 -0.138 0.378) (-0.012 0.929 0.369) (-0.402 -0.342 0.849) (0.894 -0.155 0.421) (-0.016 0.927 0.375) (-0.448 -0.342 0.826) (0.879 -0.166 0.448) (-0.019 0.925 0.38) (-0.477 -0.342 0.809) (0.874 -0.169 0.456) (-0.02 0.924 0.381) (-0.486 -0.342 0.804) (0.883 -0.163 0.441) (-0.018 0.925 0.379) (-0.47 -0.342 0.814) (0.912 -0.141 0.385) (-0.013 0.929 0.37) (-0.41 -0.342 0.846) (0.954 -0.102 0.283) (-0.006 0.934 0.357) (-0.301 -0.342 0.89) (0.987 -0.055 0.154) (-0.002 0.938 0.346) (-0.163 -0.342 0.925) (1.0 -0.007 0.019) (-0.02 -0.342 0.939) (0.995 0.033 -0.093) (0.001 0.939 0.344) (0.098 -0.342 0.935) (0.981 0.065 -0.183) (0.003 0.937 0.348) (0.195 -0.342 0.919) (0.959 0.096 -0.268) (0.005 0.935 0.355) (0.284 -0.342 0.896) (0.932 0.124 -0.341) (0.009 0.932 0.364) (0.363 -0.342 0.867) (0.905 0.147 -0.4) (0.014 0.928 0.372) (0.426 -0.342 0.838) (0.883 0.163 -0.441) (0.018 0.925 0.379) (0.47 -0.342 0.814) (0.867 0.174 -0.467) (0.021 0.923 0.383) (0.498 -0.342 0.797) (0.857 0.18 -0.482) (0.023 0.922 0.386) (0.514 -0.342 0.787) (0.856 0.181 -0.484) (0.516 -0.342 0.785) (0.864 0.176 -0.471) (0.022 0.923 0.384) (0.502 -0.342 0.794) (0.912 0.141 -0.386) (0.013 0.929 0.37) (0.411 -0.342 0.845) (0.946 0.11 -0.305) (0.007 0.933 0.359) (0.324 -0.342 0.882) (0.976 0.073 -0.206) (0.003 0.937 0.35) (0.218 -0.342 0.914) (0.994 0.035 -0.1) (0.106 -0.342 0.934) (0.0 0.315 0.0) (0.0 0.47 0.0) (0.0 0.3 0.0) (-1.0 0.0 0.0) (-0.04 0.557 0.83) (0.58 -0.663 0.473) (0.814 0.5 -0.296) (0.279 0.394 -0.035) (0.013 0.494 0.869) (0.581 -0.711 0.396) (0.069 0.424 0.903) (0.577 -0.755 0.31) (0.126 0.346 0.93) (0.567 -0.794 0.219) (0.182 0.265 0.947) (0.552 -0.824 0.125) (0.235 0.183 0.955) (0.531 -0.847 0.031) (0.284 0.102 0.953) (0.507 -0.86 -0.059) (0.328 0.025 0.944) (0.48 -0.866 -0.143) (0.365 -0.044 0.93) (0.452 -0.865 -0.218) (0.395 -0.103 0.913) (0.426 -0.86 -0.282) (0.418 -0.15 0.896) (0.403 -0.853 -0.332) (0.432 -0.18 0.884) (0.388 -0.847 -0.363) (0.438 -0.192 0.878) (0.382 -0.844 -0.375) (0.438 -0.193 0.878) (0.382 -0.844 -0.376) (0.436 -0.189 0.88) (0.384 -0.845 -0.372) (0.435 -0.186 0.881) (0.385 -0.846 -0.369) (0.434 -0.183 0.882) (0.387 -0.847 -0.366) (0.43 -0.175 0.886) (0.391 -0.848 -0.358) (0.426 -0.166 0.89) (0.396 -0.85 -0.347) (0.421 -0.156 0.893) (0.4 -0.852 -0.338) (0.423 -0.16 0.892) (0.399 -0.851 -0.342) (0.387 -0.846 -0.366) (0.442 -0.202 0.874) (0.377 -0.842 -0.385) (0.44 -0.197 0.876) (0.38 -0.843 -0.38) (0.368 -0.048 0.929) (0.45 -0.865 -0.223) (0.288 0.097 0.953) (0.505 -0.861 -0.065) (0.184 0.262 0.947) (0.551 -0.825 0.121) (0.069 0.422 0.904) (0.577 -0.756 0.309) (0.0 0.316 0.0) (-0.054 0.999 0.0) (-0.999 -0.054 0.0) (-0.112 0.994 0.0) (-0.994 -0.112 0.0) (-0.171 0.985 0.0) (-0.985 -0.171 0.0) (-0.23 0.973 0.0) (-0.973 -0.23 0.0) (-0.287 0.958 0.0) (-0.958 -0.287 0.0) (-0.341 0.94 0.0) (-0.94 -0.341 0.0) (-0.391 0.921 0.0) (-0.921 -0.391 0.0) (-0.434 0.901 0.0) (-0.901 -0.434 0.0) (-0.471 0.882 0.0) (-0.882 -0.471 0.0) (-0.5 0.866 0.0) (-0.866 -0.5 0.0) (-0.518 0.855 0.0) (-0.855 -0.518 0.0) (-0.525 0.851 0.0) (-0.851 -0.525 0.0) (-0.526 0.851 0.0) (-0.851 -0.526 0.0) (-0.523 0.852 0.0) (-0.852 -0.523 0.0) (-0.522 0.853 0.0) (-0.853 -0.522 0.0) (-0.52 0.854 0.0) (-0.854 -0.52 0.0) (-0.515 0.857 0.0) (-0.857 -0.515 0.0) (-0.509 0.861 0.0) (-0.861 -0.509 0.0) (-0.504 0.864 0.0) (-0.864 -0.504 0.0) (-0.506 0.863 0.0) (-0.863 -0.506 0.0) (-0.531 0.847 0.0) (-0.847 -0.531 0.0) (-0.528 0.849 0.0) (-0.849 -0.528 0.0) (-0.437 0.899 0.0) (-0.899 -0.437 0.0) (-0.345 0.939 0.0) (-0.939 -0.345 0.0) (-0.232 0.973 0.0) (-0.973 -0.232 0.0) (-0.113 0.994 0.0) (-0.994 -0.113 0.0) (0.0 0.469 0.0) (-0.342 0.0 0.94) (-0.47 -0.866 -0.171) (0.814 -0.5 0.296) (-0.279 0.394 -0.035) (-0.233 -0.103 0.967) (-0.417 -0.888 -0.195) (0.878 -0.449 0.164) (-0.103 -0.227 0.968) (-0.375 -0.893 -0.249) (0.921 -0.388 0.007) (0.041 -0.361 0.932) (-0.359 -0.875 -0.324) (0.932 -0.322 -0.165) (0.183 -0.494 0.85) (-0.383 -0.832 -0.402) (0.906 -0.252 -0.341) (0.304 -0.615 0.727) (-0.445 -0.767 -0.463) (0.842 -0.183 -0.507) (0.39 -0.715 0.58) (-0.535 -0.689 -0.49) (0.75 -0.12 -0.651) (0.436 -0.789 0.432) (-0.633 -0.61 -0.477) (0.64 -0.066 -0.766) (0.452 -0.838 0.305) (-0.72 -0.545 -0.43) (0.527 -0.025 -0.85) (0.457 -0.863 0.216) (-0.782 -0.505 -0.365) (0.424 -0.002 -0.906) (0.47 -0.866 0.171) (-0.814 -0.5 -0.296) (0.342 0.0 -0.94) (0.529 -0.827 0.19) (-0.796 -0.561 -0.225) (0.293 -0.033 -0.956) (0.633 -0.729 0.261) (-0.723 -0.677 -0.14) (0.279 -0.1 -0.955) (0.735 -0.584 0.345) (-0.612 -0.79 -0.033) (0.292 -0.187 -0.938) (0.8 -0.43 0.419) (-0.504 -0.86 0.081) (0.325 -0.276 -0.904) (0.815 -0.32 0.483) (-0.445 -0.879 0.168) (0.371 -0.352 -0.859) (0.786 -0.282 0.55) (-0.457 -0.864 0.21) (0.416 -0.416 -0.809) (0.724 -0.287 0.628) (-0.514 -0.831 0.212) (0.461 -0.476 -0.749) (0.622 -0.302 0.723) (-0.588 -0.79 0.175) (0.518 -0.534 -0.669) (0.475 -0.302 0.827) (-0.654 -0.75 0.102) (0.589 -0.589 -0.553) (0.279 -0.262 0.924) (-0.694 -0.72 0.006) (0.663 -0.643 -0.383) (-0.024 -0.167 0.986) (-0.711 -0.69 -0.134) (0.703 -0.704 -0.102) (-0.41 -0.045 0.911) (-0.691 -0.636 -0.342) (0.595 -0.77 0.23) (-0.723 0.063 0.688) (-0.596 -0.562 -0.574) (0.351 -0.825 0.444) (-0.888 0.134 0.439) (-0.444 -0.494 -0.747) (0.117 -0.859 0.499) (-0.94 0.171 0.296) (-0.342 -0.47 -0.814) (0.0 -0.866 0.5) (-0.931 0.184 0.315) (-0.365 -0.51 -0.779) (0.017 -0.841 0.541) (-0.875 0.175 0.451) (-0.458 -0.596 -0.659) (0.154 -0.784 0.602) (-0.753 0.135 0.644) (-0.532 -0.702 -0.475) (0.388 -0.7 0.6) (-0.559 0.069 0.826) (-0.528 -0.798 -0.29) (0.639 -0.599 0.482) (-0.008 0.994 0.105) (-1.0 -0.008 -0.001) (0.0 -0.105 0.995) (-0.028 0.978 0.208) (-1.0 -0.027 -0.006) (0.0 -0.208 0.978) (-0.055 0.95 0.309) (-0.998 -0.052 -0.017) (0.0 -0.309 0.951) (-0.084 0.91 0.405) (-0.996 -0.076 -0.034) (0.0 -0.407 0.914) (-0.109 0.861 0.497) (-0.994 -0.094 -0.054) (0.0 -0.5 0.866) (-0.125 0.803 0.583) (-0.992 -0.101 -0.074) (0.0 -0.588 0.809) (-0.128 0.737 0.664) (-0.992 -0.095 -0.086) (0.0 -0.669 0.743) (-0.111 0.665 0.739) (-0.994 -0.075 -0.083) (0.0 -0.743 0.669) (-0.071 0.586 0.807) (-0.998 -0.042 -0.057) (0.0 -0.809 0.588) (0.0 0.5 0.866) (0.129 0.396 0.909) (-0.992 0.052 0.119) (0.0 -0.917 0.399) (0.314 0.271 0.91) (-0.949 0.09 0.301) (0.0 -0.959 0.285) (0.507 0.147 0.849) (-0.862 0.087 0.5) (0.0 -0.985 0.171) (0.666 0.053 0.744) (-0.746 0.047 0.664) (0.0 -0.997 0.071) (0.766 0.0 0.643) (-0.643 0.0 0.766) (0.826 -0.027 0.563) (-0.564 -0.039 0.825) (-0.001 -0.999 -0.047) (0.868 -0.042 0.495) (-0.496 -0.068 0.865) (-0.003 -0.997 -0.079) (0.891 -0.044 0.453) (-0.455 -0.076 0.887) (-0.004 -0.996 -0.088) (0.892 -0.032 0.451) (-0.452 -0.056 0.89) (-0.003 -0.998 -0.064) (0.866 0.0 0.5) (-0.5 0.0 0.866) (0.783 0.064 0.618) (-0.622 0.103 0.777) (-0.014 -0.993 0.12) (0.625 0.166 0.763) (-0.776 0.238 0.584) (-0.085 -0.957 0.278) (0.427 0.299 0.853) (-0.877 0.368 0.309) (-0.222 -0.88 0.419) (0.258 0.447 0.857) (-0.888 0.459 0.028) (-0.381 -0.768 0.515) (0.176 0.587 0.79) (-0.852 0.492 -0.176) (-0.492 -0.643 0.587) (0.175 0.714 0.678) (-0.839 0.469 -0.277) (-0.515 -0.52 0.681) (0.196 0.83 0.523) (-0.868 0.395 -0.301) (-0.456 -0.395 0.797) (0.188 0.922 0.34) (-0.926 0.281 -0.251) (-0.327 -0.268 0.906) (0.121 0.98 0.157) (-0.98 0.143 -0.14) (-0.16 -0.136 0.978) (100.0 0.0 0.0) (0.0 0.0 -100.0) (0.0 100.0 0.0) (0.129 -0.376 0.047) (-0.065 -0.07 -0.388) (0.037 0.012 -0.008) (0.588 0.224 1.305) (0.172 -0.361 -0.007) (-0.086 -0.034 -0.389) (0.035 0.017 -0.009) (0.544 0.303 1.309) (0.214 -0.332 -0.063) (-0.115 -0.001 -0.383) (0.032 0.022 -0.01) (0.485 0.382 1.319) (0.249 -0.289 -0.121) (-0.151 0.024 -0.369) (0.027 0.028 -0.009) (0.413 0.454 1.337) (0.271 -0.236 -0.176) (-0.193 0.038 -0.348) (0.022 0.032 -0.009) (0.334 0.513 1.36) (0.277 -0.178 -0.227) (-0.235 0.042 -0.321) (0.017 0.036 -0.008) (0.254 0.555 1.389) (0.268 -0.122 -0.27) (-0.274 0.036 -0.289) (0.011 0.038 -0.006) (0.181 0.58 1.42) (0.247 -0.073 -0.306) (-0.307 0.025 -0.255) (0.007 0.039 -0.004) (0.12 0.592 1.452) (0.219 -0.035 -0.333) (-0.333 0.013 -0.221) (0.003 0.04 -0.002) (0.078 0.595 1.482) (0.19 -0.007 -0.352) (-0.352 0.007 -0.19) (0.001 0.04 0.0) (0.056 0.593 1.508) (0.165 0.01 -0.364) (-0.364 0.01 -0.165) (0.001 0.04 0.001) (0.058 0.588 1.53) (0.149 0.012 -0.371) (-0.37 0.035 -0.148) (0.003 0.04 0.002) (0.097 0.579 1.543) (0.144 -0.001 -0.373) (-0.365 0.082 -0.141) (0.008 0.039 0.003) (0.169 0.561 1.549) (0.142 -0.023 -0.373) (-0.348 0.139 -0.141) (0.014 0.037 0.003) (0.256 0.527 1.549) (0.138 -0.048 -0.373) (-0.321 0.192 -0.143) (0.02 0.035 0.003) (0.336 0.481 1.547) (0.131 -0.067 -0.372) (-0.293 0.231 -0.145) (0.024 0.032 0.003) (0.395 0.434 1.546) (0.123 -0.083 -0.371) (-0.266 0.26 -0.146) (0.027 0.029 0.003) (0.439 0.39 1.545) (0.115 -0.1 -0.37) (-0.238 0.284 -0.151) (0.03 0.026 0.002) (0.477 0.344 1.541) (0.106 -0.116 -0.368) (-0.21 0.303 -0.156) (0.032 0.023 0.002) (0.507 0.301 1.537) (0.097 -0.13 -0.366) (-0.187 0.314 -0.161) (0.034 0.021 0.002) (0.527 0.266 1.533) (0.091 -0.138 -0.364) (-0.174 0.321 -0.165) (0.035 0.02 0.001) (0.538 0.244 1.53) (0.092 -0.131 -0.367) (-0.174 0.323 -0.159) (0.035 0.02 0.002) (0.538 0.242 1.534) (0.096 -0.113 -0.372) (-0.186 0.323 -0.146) (0.034 0.021 0.003) (0.528 0.256 1.545) (0.102 -0.095 -0.375) (-0.203 0.317 -0.136) (0.033 0.023 0.003) (0.514 0.279 1.554) (0.107 -0.093 -0.374) (-0.218 0.305 -0.138) (0.032 0.024 0.003) (0.499 0.305 1.551) (0.113 -0.121 -0.364) (-0.223 0.288 -0.165) (0.031 0.025 0.001) (0.491 0.328 1.53) (0.122 -0.183 -0.334) (-0.215 0.257 -0.219) (0.031 0.025 -0.002) (0.493 0.342 1.484) (0.133 -0.261 -0.273) (-0.193 0.202 -0.287) (0.032 0.023 -0.006) (0.503 0.341 1.422) (0.142 -0.329 -0.178) (-0.158 0.12 -0.347) (0.034 0.019 -0.009) (0.523 0.318 1.362) (0.141 -0.369 -0.064) (-0.113 0.023 -0.383) (0.036 0.015 -0.01) (0.553 0.274 1.319) (0.138 -0.02 -0.011) (0.018 0.051 0.129) (-0.015 -0.129 0.053) (-0.238 0.565 1.304) (0.139 0.01 0.008) (-0.01 0.044 0.133) (0.007 -0.133 0.044) (-0.323 0.579 1.344) (0.132 0.039 0.028) (-0.035 0.021 0.134) (0.033 -0.133 0.03) (-0.429 0.573 1.403) (0.117 0.06 0.048) (-0.047 -0.012 0.131) (0.061 -0.126 0.01) (-0.549 0.531 1.478) (0.101 0.072 0.065) (-0.045 -0.049 0.123) (0.087 -0.109 -0.012) (-0.665 0.447 1.564) (0.088 0.076 0.078) (-0.029 -0.081 0.111) (0.105 -0.085 -0.035) (-0.755 0.327 1.651) (0.081 0.075 0.086) (-0.006 -0.103 0.095) (0.114 -0.059 -0.056) (-0.807 0.192 1.731) (0.079 0.073 0.09) (0.015 -0.114 0.08) (0.115 -0.035 -0.072) (-0.822 0.066 1.798) (0.079 0.071 0.091) (0.029 -0.119 0.068) (0.112 -0.02 -0.082) (-0.818 -0.03 1.846) (0.08 0.068 0.092) (0.033 -0.121 0.061) (0.11 -0.013 -0.086) (-0.817 -0.083 1.872) (0.079 0.064 0.096) (0.026 -0.123 0.061) (0.113 -0.017 -0.081) (-0.833 -0.088 1.871) (0.07 0.057 0.107) (-0.002 -0.123 0.067) (0.121 -0.035 -0.061) (-0.881 -0.013 1.809) (0.05 0.053 0.119) (-0.05 -0.11 0.07) (0.121 -0.068 -0.021) (-0.91 0.143 1.669) (0.028 0.059 0.124) (-0.098 -0.08 0.06) (0.096 -0.099 0.026) (-0.849 0.32 1.492) (0.014 0.073 0.119) (-0.129 -0.038 0.038) (0.053 -0.113 0.063) (-0.707 0.449 1.34) (0.014 0.085 0.11) (-0.139 -0.001 0.018) (0.011 -0.111 0.084) (-0.557 0.511 1.25) (0.027 0.091 0.103) (-0.136 0.033 0.006) (-0.021 -0.101 0.094) (-0.435 0.547 1.21) (0.047 0.089 0.097) (-0.123 0.067 -0.001) (-0.047 -0.085 0.101) (-0.324 0.571 1.189) (0.07 0.079 0.092) (-0.102 0.096 -0.004) (-0.065 -0.065 0.106) (-0.226 0.58 1.173) (0.091 0.063 0.086) (-0.076 0.118 -0.006) (-0.075 -0.043 0.11) (-0.145 0.573 1.155) (0.107 0.043 0.079) (-0.049 0.131 -0.005) (-0.075 -0.024 0.116) (-0.09 0.555 1.131) (0.12 0.016 0.069) (-0.02 0.139 0.002) (-0.069 -0.011 0.122) (-0.054 0.54 1.103) (0.125 -0.023 0.059) (0.015 0.137 0.022) (-0.061 -0.014 0.125) (-0.012 0.559 1.093) (0.116 -0.062 0.048) (0.042 0.122 0.055) (-0.066 -0.032 0.119) (0.063 0.608 1.127) (0.103 -0.087 0.037) (0.049 0.096 0.089) (-0.081 -0.053 0.101) (0.149 0.649 1.207) (0.098 -0.097 0.026) (0.043 0.073 0.111) (-0.09 -0.07 0.081) (0.181 0.671 1.279) (0.104 -0.093 0.012) (0.04 0.061 0.12) (-0.084 -0.086 0.072) (0.127 0.689 1.296) (0.115 -0.079 -0.001) (0.04 0.057 0.121) (-0.068 -0.1 0.07) (0.016 0.687 1.278) (0.126 -0.06 -0.008) (0.037 0.06 0.121) (-0.048 -0.111 0.07) (-0.103 0.654 1.26) (0.134 -0.039 -0.01) (0.027 0.06 0.124) (-0.03 -0.12 0.065) (-0.191 0.605 1.268))))