((:name . "Dead") (:length . 0) (:bones . (("Lokot_P_end" . ((0 (0 12 13 33)))) ("Lokot_L_end_end" . ((0 (0 12 13 33)))) ("Golova_end" . ((0 (0 12 13 25)))) ("Lokot_L_end" . ((0 (0 12 13 33)))) ("Tors" . ((0 (0 12 13 21)))) ("Kluchitsa_L_end_end" . ((0 (0 12 13 27)))) ("Lokot_P" . ((0 (0 12 13 32)))) ("Lokot_L" . ((0 (0 12 13 32)))) ("Kluchitsa_P_end" . ((0 (0 12 13 27)))) ("Koleno_P_end" . ((0 (0 12 13 14)))) ("Bedro_L" . ((0 (4 5 6 7)))) ("Woin" . ((0 (37 38 39 39)))) ("Kluchitsa_P_end_end" . ((0 (0 12 13 27)))) ("Golova_end_end" . ((0 (0 12 13 25)))) ("Koleno_L_end" . ((0 (0 12 13 14)))) ("Lokot_P_end_end" . ((0 (0 12 13 33)))) ("Koleno_P" . ((0 (19 20 2 11)))) ("Bedro_P" . ((0 (15 16 17 18)))) ("Golova" . ((0 (22 12 23 24)))) ("Kluchitsa_L_end" . ((0 (0 12 13 27)))) ("Ruka_P" . ((0 (13 34 35 36)))) ("Skelet" . ((0 (0 1 2 3)))) ("Shit" . ((0 (40 41 42 43)))) ("Kluchitsa_L" . ((0 (13 0 12 26)))) ("Ruka_L" . ((0 (13 29 30 31)))) ("Koleno_L" . ((0 (8 9 10 11)))) ("Sword" . ((0 (44 45 46 47)))) ("Koleno_L_end_end" . ((0 (0 12 13 14)))) ("Kluchitsa_P" . ((0 (2 28 12 26)))) ("Koleno_P_end_end" . ((0 (0 12 13 14)))))) (:resources . ((1.0 0.0 0.0) (0.0 -1.0 0.0) (0.0 0.0 -1.0) (0.0 0.0 -1.05) (-0.308 -0.171 0.936) (0.22 -0.97 -0.105) (0.925 0.174 0.337) (0.123 -0.038 0.0) (-0.94 0.342 -0.004) (0.342 0.94 -0.011) (0.0 -0.011 -1.0) (0.0 0.532 0.0) (0.0 1.0 0.0) (0.0 0.0 1.0) (0.0 0.578 0.0) (0.308 -0.171 0.936) (-0.22 -0.97 -0.105) (0.925 -0.174 -0.337) (-0.123 -0.038 0.0) (-0.94 0.342 0.0) (0.342 0.94 0.0) (0.0 0.13 0.0) (0.5 0.0 0.866) (-0.866 0.0 0.5) (0.0 0.596 0.0) (0.0 0.315 0.0) (0.0 0.47 0.0) (0.0 0.3 0.0) (-1.0 0.0 0.0) (0.866 -0.5 0.0) (0.5 0.866 0.0) (0.279 0.394 -0.035) (0.0 0.316 0.0) (0.0 0.469 0.0) (-0.866 -0.5 0.0) (0.5 -0.866 0.0) (-0.279 0.394 -0.035) (100.0 0.0 0.0) (0.0 0.0 -100.0) (0.0 100.0 0.0) (-0.244 -0.086 -0.305) (0.12 0.332 -0.189) (0.029 -0.021 -0.018) (0.906 -0.335 0.201) (0.034 0.125 0.052) (-0.036 -0.043 0.128) (0.131 -0.045 0.022) (-0.973 -0.144 0.274))))