((:name . "Armature|riding") (:length . 2.458333) (:bones . (("Lokot_P_end" . ((0 (0 12 1 40)))) ("Lokot_L_end_end" . ((0 (0 12 1 40)))) ("Golova_end" . ((0 (0 12 1 27)))) ("Lokot_L_end" . ((0 (0 12 1 40)))) ("Tors" . ((0 (0 21 22 23)))) ("Kluchitsa_L_end_end" . ((0 (0 12 1 29)))) ("Lokot_P" . ((0 (45 46 47 39)))) ("Lokot_L" . ((0 (36 37 38 39)))) ("Kluchitsa_P_end" . ((0 (0 12 1 29)))) ("Koleno_P_end" . ((0 (0 12 1 13)))) ("Bedro_L" . ((0 (4 5 6 7)))) ("Woin" . ((0 (48 49 50 50)))) ("Kluchitsa_P_end_end" . ((0 (0 12 1 29)))) ("Golova_end_end" . ((0 (0 12 1 27)))) ("Koleno_L_end" . ((0 (0 12 1 13)))) ("Lokot_P_end_end" . ((0 (0 12 1 40)))) ("Koleno_P" . ((0 (18 19 20 11)))) ("Bedro_P" . ((0 (14 15 16 17)))) ("Golova" . ((0 (0 24 25 26)))) ("Kluchitsa_L_end" . ((0 (0 12 1 29)))) ("Ruka_P" . ((0 (41 42 43 44)))) ("Skelet" . ((0 (0 1 2 3)))) ("Shit" . ((0 (51 52 53 54)))) ("Kluchitsa_L" . ((0 (1 0 12 28)))) ("Ruka_L" . ((0 (32 33 34 35)))) ("Koleno_L" . ((0 (8 9 10 11)))) ("Sword" . ((0 (55 56 57 58)))) ("Koleno_L_end_end" . ((0 (0 12 1 13)))) ("Kluchitsa_P" . ((0 (30 31 12 28)))) ("Koleno_P_end_end" . ((0 (0 12 1 13)))))) (:resources . ((1.0 0.0 0.0) (0.0 0.0 1.0) (0.0 -1.0 0.0) (0.0 0.0 -1.058) (0.039 -0.624 0.781) (0.522 -0.654 -0.548) (0.852 0.428 0.3) (0.123 -0.038 0.0) (-0.684 0.614 -0.394) (0.729 0.579 -0.364) (0.005 -0.537 -0.844) (0.0 0.532 0.0) (0.0 1.0 0.0) (0.0 0.578 0.0) (-0.029 -0.628 0.778) (-0.446 -0.688 -0.572) (0.895 -0.364 -0.259) (-0.123 -0.038 0.0) (-0.613 0.691 0.384) (0.785 0.588 0.195) (-0.092 0.421 -0.903) (0.0 0.866 -0.5) (0.0 0.5 0.866) (0.0 0.13 0.0) (0.0 0.906 0.423) (0.0 -0.423 0.906) (0.0 0.596 0.0) (0.0 0.315 0.0) (0.0 0.47 0.0) (0.0 0.3 0.0) (0.0 0.0 -1.0) (-1.0 0.0 0.0) (0.647 -0.745 0.163) (-0.144 -0.329 -0.933) (0.748 0.581 -0.32) (0.279 0.394 -0.035) (0.983 0.184 -0.001) (-0.184 0.983 -0.011) (-0.001 0.011 1.0) (0.0 0.316 0.0) (0.0 0.469 0.0) (-0.726 -0.676 0.127) (0.144 -0.329 -0.933) (0.673 -0.659 0.336) (-0.279 0.394 -0.035) (0.967 0.182 0.18) (-0.184 0.983 -0.009) (-0.179 -0.024 0.984) (100.0 0.0 0.0) (0.0 0.0 -100.0) (0.0 100.0 0.0) (-0.003 -0.309 -0.254) (0.4 -0.001 -0.002) (0.0 -0.025 0.031) (-0.004 -0.019 0.671) (0.0 0.121 -0.07) (0.082 -0.057 -0.098) (-0.113 -0.041 -0.071) (-0.216 0.17 0.912))))